513.04 392.08
600.67 501.48
265.08 395.31
427.01 155.17
414.13 89.80
376.39 503.72
581.27 332.01
531.53 67.90
408.75 449.74
454.09 422.79
519.23 70.65
438.77 134.89
344.19 133.85
195.33 395.41
188.39 325.61
345.92 155.06
466.28 423.46
370.19 418.84
289.41 438.35
304.13 347.72
249.11 466.28
261.73 131.00
467.64 393.74
315.68 349.75
297.61 196.19
491.25 486.06
347.07 421.30
551.64 375.58
483.75 422.21
414.33 134.00
158.03 256.98
489.45 348.73
484.63 216.05
305.41 464.98
454.27 392.69
301.03 396.20
231.24 394.88
344.39 216.00
311.66 419.76
532.47 195.30
411.11 486.80
201.90 61.71
257.91 235.77
321.18 69.42
414.95 261.02
238.38 150.99
584.53 302.42
368.88 215.73
344.99 261.05
496.53 69.28
333.27 260.84
207.12 392.58
369.64 197.61
215.62 278.52
379.06 69.52
177.67 393.66
546.13 391.72
264.73 417.64
153.39 326.53
305.90 483.81
448.67 69.15
420.62 328.36
531.50 222.06
356.37 197.25
199.04 330.21
473.20 217.47
450.00 155.11
201.32 465.95
556.53 261.66
528.85 466.34
344.42 280.90
491.39 465.81
193.42 282.48
203.97 262.28
427.51 67.15
358.09 420.94
287.86 421.94
457.34 351.24
382.29 369.85
495.30 423.40
212.62 465.41
312.38 394.28
286.89 68.99
332.68 281.30
507.77 157.09
169.00 280.83
445.04 329.35
176.10 326.81
433.82 329.24
299.22 420.47
490.28 329.63
364.94 489.00
507.82 134.24
544.54 194.00
598.10 451.09
530.48 134.15
242.47 419.17
140.26 330.14
335.50 420.10
564.80 244.61
211.93 349.80
322.37 153.99
497.47 392.31
142.82 467.23
195.82 419.94
204.14 278.90
287.87 285.89
152.94 466.05
253.32 395.51
461.29 304.14
226.86 281.79
345.37 198.17
246.02 329.62
253.19 419.42
438.85 154.91
500.43 438.71
87.99 282.25
276.27 419.80
543.21 133.52
285.39 198.47
261.84 68.39
180.53 283.57
557.88 71.20
425.90 280.59
276.90 394.83
518.58 90.07
206.93 421.82
242.49 394.41
519.22 135.31
175.75 466.19
89.64 262.18
210.88 329.99
380.14 199.23
414.22 70.15
519.60 153.40
524.75 423.12
507.33 90.58
234.48 330.01
323.70 28.26
557.17 281.05
507.97 27.86
421.22 439.47
158.12 283.09
483.40 71.33
192.49 258.64
478.39 373.88
377.53 173.09
166.64 392.94
175.37 351.56
559.77 502.53
524.62 391.30
131.39 395.73
529.55 487.33
556.94 134.59
438.70 27.24
427.11 92.63
449.69 89.80
556.14 215.39
590.76 82.21
438.57 89.65
543.93 71.12
557.56 197.59
484.03 91.19
310.01 156.89
492.50 236.71
432.99 348.14
355.79 217.51
530.68 153.75
274.96 218.21
508.08 70.93
525.81 445.13
555.95 115.15
229.65 260.59
293.93 485.71
217.69 260.61
72.94 466.76
555.17 91.77
551.15 328.56
369.34 25.08
511.88 422.95
556.63 154.54
224.95 151.76
460.72 70.44
551.99 349.13
543.96 154.09
580.70 384.57
540.24 302.67
591.97 50.73
154.32 396.15
542.10 90.58
22.91 329.52
165.92 419.77
286.23 134.71
442.38 367.57
213.03 485.33
262.70 218.61
537.21 23.77
586.60 275.69
251.97 217.54
227.59 217.45
588.89 463.30
344.72 89.12
84.25 393.66
588.01 233.78
367.76 89.64
547.39 423.04
119.94 394.56
272.03 154.01
97.18 392.83
135.37 280.75
520.39 26.98
330.48 86.97
608.77 202.45
14.55 394.64
112.16 283.04
117.98 329.15
590.22 166.87
269.07 29.67
288.31 26.32
228.54 69.76
346.03 26.32
394.29 24.13
426.94 27.49
450.26 25.15
474.75 26.61
483.06 26.90
495.45 27.34
531.17 88.57
310.17 135.36
356.53 134.92
357.99 154.75
367.61 154.02
367.75 132.88
390.79 135.07
390.50 153.43
403.03 153.73
414.55 152.27
403.47 133.46
450.99 134.63
462.07 134.05
473.29 134.19
462.80 152.41
473.00 153.43
497.20 132.44
496.76 152.27
543.85 218.30
520.53 196.73
519.94 217.57
508.57 217.28
496.62 216.26
508.72 197.02
496.33 196.44
485.69 197.60
472.27 197.46
461.78 201.25
460.18 216.99
449.97 199.06
449.24 215.68
437.58 199.06
426.06 197.17
424.90 216.99
436.27 218.45
415.57 198.62
412.94 216.99
402.45 196.15
401.87 218.30
390.50 218.16
333.06 216.70
321.11 197.17
321.84 214.81
309.01 215.68
309.59 198.48
298.51 216.85
286.41 216.85
146.91 259.41
168.92 259.41
252.01 279.97
262.94 280.69
264.26 259.27
275.34 279.38
297.49 259.99
297.06 279.82
321.69 261.89
321.11 279.38
354.78 261.31
367.46 261.16
355.66 281.28
368.19 279.67
391.22 261.02
389.91 282.30
404.20 261.31
402.30 280.69
414.40 281.28
425.19 260.72
436.56 261.89
437.58 282.01
448.80 260.43
448.37 278.22
461.49 278.51
461.05 259.99
471.98 259.27
473.15 280.99
494.58 260.87
506.82 261.31
518.78 261.02
531.02 263.64
543.70 262.04
543.41 282.59
531.17 281.71
519.07 282.30
508.57 281.13
495.16 279.97
539.04 330.84
538.60 348.62
524.75 329.09
525.48 347.31
514.26 331.28
513.67 347.31
501.28 329.53
501.87 350.37
468.48 329.24
467.03 346.15
457.11 328.36
420.82 347.90
409.45 349.35
408.43 329.09
398.51 329.38
396.76 347.75
385.10 331.13
384.96 349.35
363.82 329.38
362.51 345.85
351.72 329.82
349.68 347.75
339.62 329.53
338.02 345.56
327.23 329.67
327.08 350.67
318.78 327.20
305.51 327.92
293.56 328.51
292.97 348.92
280.00 329.09
279.56 346.88
257.11 330.55
257.84 352.27
246.33 348.19
235.25 348.48
222.27 329.38
190.35 348.48
155.07 348.33
49.10 331.86
220.82 420.05
231.60 418.45
288.16 394.98
322.86 421.51
334.96 395.85
346.76 395.27
357.70 395.85
370.67 394.25
381.17 393.23
393.85 393.96
382.04 418.60
392.68 423.84
405.51 424.28
406.53 394.98
422.27 419.62
423.15 395.27
435.25 392.65
437.14 421.07
484.37 392.21
578.11 415.83
517.46 466.41
515.71 487.69
503.32 487.25
503.32 466.70
480.87 466.12
479.56 485.07
467.61 462.91
467.90 484.05
445.45 466.55
445.74 488.13
433.94 465.68
434.08 486.67
422.71 465.68
422.86 487.11
411.92 464.81
399.10 465.10
399.39 483.90
387.43 464.37
386.41 481.28
376.21 468.30
375.92 484.78
363.53 465.10
353.18 465.83
353.03 484.92
340.79 465.10
340.35 484.34
330.00 466.26
328.11 485.94
316.73 484.48
317.46 465.39
294.29 464.66
269.21 486.23
258.72 484.34
258.28 464.08
237.00 485.21
164.55 464.08