317.98 212.07
142.67 134.06
145.01 335.05
592.18 129.83
576.57 83.16
97.29 191.64
237.05 236.78
427.62 134.76
164.51 102.12
311.83 120.03
241.84 163.50
236.92 258.48
189.40 473.29
291.25 286.78
71.59 190.50
147.31 236.01
73.05 126.00
286.53 86.35
386.31 217.68
511.49 51.73
21.00 295.77
21.32 111.78
146.84 377.73
98.91 266.74
123.51 409.09
592.85 88.41
211.72 278.14
216.36 258.27
573.82 491.01
75.78 372.34
217.44 247.65
76.82 217.34
287.96 248.19
358.97 108.63
25.58 304.23
22.24 78.65
214.09 500.47
73.23 287.38
72.48 392.27
96.03 403.73
498.15 106.26
211.68 171.21
523.15 107.44
143.95 421.28
146.03 345.48
210.58 212.29
284.38 131.56
147.25 184.14
211.29 149.73
594.45 75.41
20.61 130.94
146.24 282.98
525.96 170.56
378.59 116.50
188.91 85.10
167.89 120.66
18.51 377.22
571.46 128.86
166.48 325.70
95.14 213.58
452.42 112.75
96.45 286.06
429.10 87.75
77.86 244.90
144.97 122.52
144.16 111.43
147.97 354.61
308.31 110.52
308.29 237.27
69.22 112.42
499.68 159.65
426.52 100.72
451.65 133.74
167.79 428.99
146.27 206.19
169.58 368.71
238.47 151.94
167.52 238.15
357.43 150.67
214.37 408.21
139.70 392.23
135.64 253.18
308.12 131.65
214.92 79.67
73.27 223.21
307.06 88.28
215.33 68.17
149.50 449.18
360.82 386.86
76.77 425.79
643.77 55.17
287.30 268.80
432.60 141.71
167.88 196.05
146.70 267.09
216.48 115.80
96.45 435.89
212.47 342.89
22.01 68.07
575.70 223.88
357.53 234.97
242.28 421.05
358.84 193.86
575.02 96.08
218.50 196.99
216.52 397.59
240.50 80.61
360.50 120.23
359.65 256.62
290.16 170.92
140.02 57.67
593.38 97.63
167.44 66.55
21.82 264.45
236.11 205.25
312.55 268.56
163.54 273.86
144.58 258.84
381.00 162.08
308.60 27.55
76.36 86.32
292.13 343.57
286.88 109.90
167.28 461.69
312.01 172.07
646.01 90.81
644.41 110.19
430.14 175.12
146.16 141.85
21.77 316.77
455.25 88.21
18.45 123.01
21.81 202.77
210.51 99.39
216.17 269.81
144.37 101.46
75.70 202.56
147.37 439.97
357.66 97.40
96.62 203.19
95.59 158.89
145.42 216.59
237.30 386.68
381.94 237.60
164.71 91.63
99.72 75.62
286.73 75.78
140.81 80.04
381.88 152.12
237.84 174.41
144.15 227.90
284.78 194.17
357.79 183.34
168.23 313.34
146.94 408.92
147.77 367.53
212.36 88.91
312.05 183.04
380.15 129.61
406.45 86.26
76.14 340.75
166.78 357.45
289.02 97.83
384.68 95.70
163.70 305.07
450.23 81.58
310.55 194.28
290.02 278.14
615.15 35.63
358.01 140.25
358.08 86.26
95.32 351.09
72.76 381.65
97.13 276.15
356.10 203.73
236.72 139.10
164.42 154.61
73.81 275.71
428.35 122.51
74.64 234.06
166.54 335.27
71.47 296.54
214.01 161.64
240.70 355.28
572.47 181.52
302.32 40.76
238.87 217.54
235.55 89.94
96.94 319.26
71.46 349.63
74.50 265.35
433.10 152.85
75.41 308.54
167.64 142.74
308.61 100.22
573.84 140.43
97.04 382.24
309.07 141.76
308.94 152.57
288.03 151.58
164.09 80.91
380.58 265.86
234.81 182.94
96.79 308.90
219.07 453.08
163.08 294.02
21.21 286.23
311.07 204.77
102.79 247.10
92.46 423.89
96.90 328.84
360.70 227.70
216.70 365.18
381.30 141.01
163.52 208.09
312.44 161.77
358.97 172.44
241.10 345.80
21.84 253.80
217.21 128.25
95.72 95.74
234.57 113.06
214.83 139.92
312.00 257.97
380.06 182.38
91.14 359.76
357.16 162.25
308.91 76.95
287.88 139.87
383.38 194.36
338.37 264.22
449.79 155.66
240.69 302.44
18.98 152.79
431.83 110.82
501.93 183.14
571.96 74.57
596.05 170.98
166.31 164.78
286.54 204.66
73.99 105.56
20.43 89.79
455.46 206.88
71.47 157.72
528.10 195.53
97.33 298.25
97.55 394.20
431.59 216.57
167.97 259.29
426.77 76.86
238.93 61.94
21.52 162.42
335.32 82.31
215.23 301.70
69.63 60.91
146.26 399.19
19.89 141.68
23.37 181.33
430.53 164.70
22.05 171.61
380.50 77.08
432.24 236.36
236.44 322.23
288.18 224.82
384.55 205.98
75.74 138.57
451.39 176.37
525.94 120.06
595.01 140.23
238.55 270.61
24.53 191.52
123.05 169.19
456.28 100.63
500.40 118.38
70.68 168.10
213.16 321.76
500.72 428.42
22.78 274.43
361.40 505.17
238.44 472.59
439.35 364.83
214.70 428.51
578.09 168.40
241.53 484.80
307.80 386.38
502.43 97.71
430.34 270.86
97.57 415.79
215.75 375.49
20.92 100.94
20.53 234.28
21.86 351.31
144.98 430.70
96.33 58.06
523.07 129.37
306.54 420.86
23.67 337.65
23.03 362.36
32.14 446.03
525.28 98.64
19.95 327.22
22.06 386.31
573.91 106.13
239.18 451.76
645.02 78.86
583.75 294.86
292.33 480.40
24.96 406.09
646.33 101.10
647.64 176.50
22.75 58.67
647.76 132.50
364.05 450.98
645.31 238.81
20.93 211.96
20.50 244.09
71.80 433.28
75.98 329.82
95.57 339.05
94.56 232.27
98.17 179.97
95.86 126.08
77.13 96.68
146.00 150.72
146.00 162.24
145.43 173.05
163.44 177.37
168.63 185.59
163.87 217.86
167.04 226.80
145.14 300.86
145.00 313.69
144.28 323.34
167.04 343.94
220.64 474.20
241.11 365.70
213.87 309.65
215.60 288.76
216.47 236.02
216.90 183.28
237.36 125.79
290.24 213.25
310.85 247.40
310.41 310.23
289.38 320.60
379.58 107.92
428.28 187.89
430.88 196.39
453.21 185.73
598.17 105.47
597.16 116.57
577.56 113.69