52.27 39.08
28.16 53.86
28.05 66.86
27.49 81.86
26.71 90.86
27.94 100.30
27.05 107.64
26.82 116.19
24.27 142.75
26.94 130.08
27.38 152.75
28.94 169.41
28.16 195.08
26.71 209.30
28.94 253.30
25.94 290.75
83.83 311.19
29.60 379.19
119.16 272.64
91.49 262.08
119.27 262.41
92.82 236.64
117.05 236.64
117.38 217.41
93.27 216.64
116.94 224.97
93.16 207.19
118.94 199.75
93.16 195.53
95.38 181.19
118.16 180.86
95.16 169.30
95.16 161.41
116.49 142.19
93.82 142.08
92.94 152.41
118.16 165.86
169.71 141.19
202.49 142.97
203.27 154.75
171.60 176.53
201.71 185.53
201.05 230.64
200.94 252.75
173.49 257.86
173.82 266.41
200.38 293.64
197.71 309.53
254.94 435.53
280.94 436.64
280.49 426.41
317.38 441.30
339.82 437.86
255.27 336.08
283.82 300.30
255.49 279.64
258.60 253.75
281.94 260.30
307.05 240.08
257.94 245.19
258.27 234.97
282.60 234.53
282.94 223.41
257.27 222.97
260.05 208.41
283.16 207.08
259.38 199.19
283.05 199.08
259.94 189.75
260.49 162.41
258.49 152.64
283.71 142.53
284.16 150.97
284.38 161.41
285.38 171.86
285.27 180.08
283.94 187.53
342.16 139.41
341.71 148.86
341.38 159.53
342.05 171.19
342.94 181.19
340.60 189.53
341.49 198.75
341.05 205.86
339.94 215.75
340.38 224.97
340.38 234.53
365.27 227.86
364.71 213.86
365.27 179.30
365.16 169.41
364.82 160.86
365.82 152.19
366.27 141.30
339.60 262.86
366.60 235.41
363.05 287.86
364.94 300.41
421.60 281.19
446.94 279.19
444.49 269.53
446.27 249.97
422.27 244.41
421.38 232.19
444.49 235.30
443.38 226.30
421.16 217.75
421.27 208.19
421.82 198.30
421.60 187.08
423.94 177.75
423.38 168.30
423.16 160.19
422.71 151.41
422.71 141.86
441.38 108.64
445.05 139.64
449.94 148.19
448.38 156.97
447.82 171.30
447.49 179.64
447.60 189.19
447.82 198.53
445.05 206.75
512.94 109.19
501.82 155.75
501.94 166.86
502.60 178.86
501.49 188.19
533.49 140.19
534.16 157.53
535.71 169.19
534.60 186.41
532.83 200.75
504.27 242.41
529.71 242.30
528.60 232.08
530.05 259.30
529.83 267.08
503.38 266.53
505.05 286.41
505.71 324.41
584.27 270.75
588.83 252.97
613.82 253.08
614.16 280.97
590.27 217.86
587.27 207.41
587.49 198.75
589.05 189.19
613.16 197.19
588.83 172.30
612.05 170.75
591.16 142.75
614.27 142.53
613.49 150.75
590.16 159.08
669.16 152.19
691.49 132.19
690.82 142.64
692.38 151.64
695.60 160.75
751.38 176.53
695.60 177.86
694.16 196.97
668.83 188.86
669.71 226.30
670.94 254.30
751.38 271.86
753.38 287.41
598.90 104.15
117.90 358.31