187.44 373.23
19.47 106.11
373.84 398.83
350.11 398.66
293.25 345.92
368.45 35.06
259.33 61.43
341.40 294.24
283.11 62.99
212.65 373.42
43.98 105.58
22.36 45.20
262.28 27.07
374.45 371.67
129.85 270.08
369.26 294.51
368.14 61.18
292.00 372.43
286.15 26.51
213.38 382.08
268.27 337.59
43.11 114.91
214.75 391.28
42.00 2.64
367.15 43.18
214.79 400.00
292.17 337.51
181.20 62.57
350.18 372.16
204.79 54.25
368.67 122.43
267.44 355.22
290.01 398.96
20.22 114.27
290.28 390.36
292.08 355.52
11.33 128.87
204.42 62.88
290.07 322.02
346.72 389.48
187.78 355.24
345.76 60.98
348.00 380.85
47.45 44.71
372.62 192.17
370.83 242.74
260.95 79.19
348.16 363.49
370.32 77.79
265.30 269.17
44.77 78.31
377.10 328.83
181.87 97.02
347.13 286.25
262.81 295.37
349.81 328.18
266.45 217.11
343.94 122.22
351.38 165.65
344.82 26.34
264.77 87.97
349.97 354.91
179.15 36.70
347.83 207.26
344.63 35.31
17.59 70.14
367.53 155.64
126.59 71.96
265.50 183.58
370.70 173.49
44.80 148.87
101.91 124.13
369.91 182.92
348.53 311.81
125.16 63.46
43.95 123.53
101.52 36.96
207.01 28.46
126.80 55.17
101.04 201.32
344.98 70.31
180.79 71.52
239.42 9.93
42.57 131.73
204.89 80.21
264.31 96.74
287.50 148.53
18.48 80.44
42.92 140.69
231.50 85.99
264.30 131.40
345.80 85.97
126.84 80.10
97.11 54.63
184.22 114.92
101.57 140.40
40.82 97.30
349.30 337.26
43.67 62.90
18.89 89.33
102.60 106.00
208.92 89.32
124.85 36.88
103.29 175.47
125.86 27.59
104.59 252.69
126.04 47.10
46.15 53.71
343.30 44.41
259.76 45.43
103.46 158.21
119.53 191.74
44.58 35.97
128.24 166.77
346.65 139.51
128.21 96.53
22.52 27.41
186.87 141.77
128.90 149.11
110.30 217.31
206.62 105.26