295.54 184.98
320.15 196.79
374.11 183.13
531.16 47.68
692.33 109.95
702.68 178.20
747.51 196.19
815.76 185.70
736.00 247.32
749.46 248.74
765.54 246.01
734.53 328.84
748.71 329.64
761.29 330.15
775.98 328.94
788.45 327.83
803.94 328.94
817.12 327.83
831.61 328.64
846.20 329.04
860.08 327.93
871.95 328.74
888.75 329.44
899.92 327.83
913.00 325.72
926.68 326.02
938.75 326.83
950.42 325.72
990.66 340.51
990.66 352.18
991.37 360.03
990.06 372.60
989.76 381.66
991.17 393.23
991.57 413.15
989.96 424.72
987.85 433.27
990.76 445.74
993.88 453.89
990.76 463.75
991.47 474.61
930.00 377.33
930.80 386.89
929.19 395.54
929.09 405.20
924.67 414.76
931.31 435.18
931.31 446.55
933.72 457.21
930.80 468.18
930.30 480.05
895.69 376.63
896.80 387.19
895.59 396.55
895.09 407.31
893.18 416.26
894.10 436.78
896.76 448.42
895.09 460.45
890.75 478.30
833.05 378.69
832.96 389.34
832.46 399.50
832.17 409.36
830.98 419.03
832.56 430.66
836.51 446.25
831.08 463.50
831.48 480.57
798.14 378.79
799.62 391.81
799.52 400.98
798.44 412.22
799.62 421.99
798.44 430.76
800.51 449.89
799.23 466.17
798.34 482.24
736.01 381.06
735.82 391.71
739.76 401.18
736.80 410.64
737.79 431.45
736.70 451.18
740.94 466.17
739.56 481.85
685.12 429.48
657.51 314.69
655.05 323.66
654.55 333.43
655.74 344.37
657.22 355.22
654.75 366.46
657.91 377.90
657.61 411.63
659.88 423.66
659.68 433.23
662.05 444.08
662.24 454.33
674.28 464.00
661.16 474.75
662.94 486.29
633.45 314.39
632.17 326.42
632.76 336.09
632.96 344.37
634.83 356.40
632.66 365.77
633.35 376.33
636.21 412.62
636.41 424.06
634.73 434.51
636.80 444.77
638.08 454.23
634.83 463.70
636.01 474.35
636.70 485.10
572.60 312.72
572.99 321.00
570.04 330.96
569.94 342.10
573.98 351.47
573.09 362.12
573.39 372.18
572.11 381.95
573.98 404.13
572.40 413.90
573.39 423.56
574.87 433.82
575.85 444.77
575.07 454.63
574.57 472.68
573.78 485.10
545.78 312.12
547.55 331.75
546.47 342.10
549.33 353.64
548.64 364.19
549.03 373.76
547.45 383.52
547.65 394.37
546.96 404.83
548.04 413.80
550.51 424.85
548.83 434.02
549.52 443.98
552.48 456.40
549.62 465.28
548.93 475.24
547.85 485.30
481.28 314.10
482.56 326.42
484.73 338.85
486.21 356.50
486.60 369.22
485.72 379.28
483.15 414.69
486.41 425.63
488.18 434.41
482.86 445.75
487.10 455.52
489.46 465.28
484.93 475.63
487.59 487.27
460.57 367.75
460.77 378.40
458.60 348.22
460.96 414.00
460.17 425.44
461.95 434.90
460.77 446.25
465.11 455.71
463.33 464.79
459.88 474.65
460.96 485.10
424.47 395.97
397.11 314.42
398.78 354.88
400.88 365.15
398.05 376.37
400.99 386.01
395.54 396.39
400.88 415.78
400.46 426.05
402.35 439.58
401.93 448.59
400.57 458.23
401.82 468.09
400.15 478.05
399.31 487.48
374.78 407.29
379.71 417.46
373.31 425.74
376.88 438.53
376.35 446.70
374.05 455.40
375.20 466.73
374.99 476.16
373.21 486.33
287.15 358.44
308.53 381.09
313.98 427.10
312.94 436.85
312.94 448.38
314.09 458.34
313.46 467.14
311.26 476.89
312.20 488.11
287.15 437.48
286.52 449.01
289.46 469.35
286.42 479.62
287.05 490.62
202.95 430.53
100.12 418.58
125.80 448.45
121.61 458.51
102.74 468.05
128.63 478.85
131.36 493.10
106.62 491.85
39.32 451.39
43.62 482.62
229.14 244.97
252.44 253.03
296.89 252.27
321.58 252.02
363.65 249.88
383.17 252.02
365.41 290.18
417.93 288.16
570.70 242.95
635.94 243.20
630.65 209.95
659.49 202.52
658.48 222.04
659.74 253.03
635.81 254.03
481.28 254.41
67.30 553.15
95.26 557.69
36.95 594.34
99.41 589.68
98.66 602.40
96.52 612.09
94.50 620.91
97.02 641.57
38.20 643.33
38.71 684.13
100.17 682.25
102.69 762.85
132.79 814.49
155.84 822.80
181.66 905.04
316.16 543.71
327.12 542.57
343.37 542.07
357.85 540.43
384.80 544.08
412.01 543.45
454.07 542.19
520.82 541.82
562.51 541.06
576.49 542.45
598.15 540.94
930.14 548.62
929.26 563.73
930.90 581.24
931.03 597.74
957.85 546.35
954.70 556.30
957.35 566.12
952.69 576.07
957.47 587.03
956.84 597.61
906.59 640.81
930.52 634.76
955.96 634.64
958.61 644.34
957.73 653.40
958.23 665.87
932.41 646.73
933.17 657.56
931.03 667.13
892.99 669.27
956.72 687.79
958.10 699.50
961.38 707.81
960.37 719.52
959.74 739.17
958.61 748.11
959.87 757.56
960.87 769.27
962.39 779.10
936.95 788.67
962.64 811.21
935.31 808.44
911.63 891.56
992.61 893.08
896.90 892.32
301.91 545.03
369.72 543.10
397.31 544.73