15.83 194.86
28.42 194.86
15.83 214.49
54.35 216.15
98.61 210.23
226.76 193.56
377.87 156.34
239.53 254.12
178.98 282.64
166.20 257.64
153.61 256.15
140.83 256.90
93.05 261.71
67.50 261.34
54.35 261.90
40.46 260.60
28.24 261.15
17.31 261.15
18.24 286.90
34.16 285.78
55.09 288.01
68.24 287.45
81.76 287.45
105.09 284.86
117.13 286.34
19.53 332.45
43.24 332.64
56.38 331.90
70.27 330.23
94.16 332.64
119.16 330.41
130.09 331.34
168.98 330.60
192.68 326.71
19.53 351.71
33.05 352.64
43.79 351.34
56.38 350.60
69.35 349.30
92.50 350.23
106.57 349.67
179.16 349.12
278.42 346.34
94.53 396.34
117.68 394.86
131.20 394.30
144.72 393.93
168.98 396.90
243.42 394.12
255.27 394.49
281.38 411.53
255.09 412.82
243.05 412.45
219.90 412.45
207.68 412.82
191.94 412.82
169.72 413.93
143.79 412.64
130.27 413.56
118.24 413.38
95.09 416.15
83.05 414.67
88.98 458.38
110.83 455.41
69.53 490.97
91.01 490.97
147.13 458.38
159.16 455.04
182.50 458.75
195.09 457.82
207.13 458.01
218.79 456.53
232.13 456.90
244.72 456.71
255.64 453.19
240.09 434.12
294.16 456.71
305.83 455.23
330.09 455.23
403.98 456.90
194.72 485.04
208.24 485.78
219.53 486.15
233.05 485.78
244.72 486.34
256.94 487.82
270.83 488.56
293.98 503.75
294.72 484.67
307.13 486.34
318.98 483.19
331.38 486.15
356.20 485.97
382.31 484.67
382.87 532.08
333.05 551.53
296.38 532.64
282.68 550.04
270.09 550.23
257.68 550.97
271.38 530.60
258.61 532.82
246.38 531.90
232.31 529.86
233.05 549.67
210.64 531.15
210.83 549.49
198.61 530.04
185.09 531.90
186.57 550.04
198.42 548.75
205.46 569.12
161.20 532.08
162.87 549.49
149.72 533.01
149.53 551.71
136.57 534.49
138.79 551.53
141.20 580.04
113.05 533.19
113.05 550.04
100.64 532.45
86.20 532.45
75.09 534.67
61.76 534.49
63.05 552.82
74.72 553.38
86.57 553.93
104.90 598.56
138.61 599.67
150.83 600.04
160.83 599.30
177.13 599.86
187.87 598.38
198.79 598.19
212.87 598.01
392.87 574.12
395.46 595.04
382.13 596.52