383.01 220.19
247.57 246.50
140.17 233.56
236.88 247.50
252.14 12.93
492.85 309.88
164.21 316.31
266.49 229.99
173.89 295.48
80.66 365.95
197.81 275.04
129.94 250.11
141.62 299.27
486.64 93.37
195.98 131.69
176.96 7.25
87.94 485.90
487.52 109.80
236.11 229.74
157.19 207.55
440.74 331.83
166.11 25.87
172.76 250.25
201.48 162.31
257.28 249.93
256.41 158.88
253.54 113.07
47.59 316.55
58.27 319.66
475.50 91.98
247.32 228.01
217.58 205.49
282.74 377.25
166.99 13.92
89.89 314.80
439.38 312.81
110.30 294.56
50.24 46.76
450.64 90.02
180.34 162.32
390.40 483.45
160.63 235.07
193.98 227.28
202.12 180.87
230.90 444.52
337.48 94.34
331.91 289.40
113.82 45.17
99.08 295.38
62.95 117.77
396.03 293.86
327.54 93.76
165.42 358.47
204.92 227.04
191.93 178.87
163.22 298.73
416.18 94.56
119.17 252.22
47.90 296.82
382.33 228.82
354.28 289.92
150.40 252.65
160.89 253.03
170.34 162.49
167.62 494.76
97.45 252.12
213.04 160.42
214.55 227.92
148.29 491.74
191.22 161.48
220.73 95.31
209.43 44.26
381.13 152.66
264.73 113.15
491.99 288.65
330.25 225.35
69.12 296.67
188.89 446.75
56.63 252.09
171.90 233.79
71.48 99.30
332.25 312.96
311.86 311.24
98.10 231.41
99.96 162.60
99.96 315.23
394.94 247.54
220.35 425.18
251.00 26.25
197.16 24.04
388.48 355.59
326.96 113.49
247.78 295.22
242.42 118.12
282.28 357.88
216.34 293.98
375.89 291.77
68.94 316.83
260.78 378.92
126.86 116.07
219.33 46.54
427.69 312.04
130.64 232.95
173.58 316.99
190.19 112.16
108.89 252.74
181.44 181.51
89.90 296.51
392.19 155.93
247.05 313.51
125.97 97.74
382.21 175.04
226.42 248.83
205.92 247.56
124.87 428.47
119.55 233.11
187.57 25.82
428.01 288.29
418.59 223.35
339.30 179.81
253.17 95.41
343.74 292.12
358.62 111.11
132.21 295.25
121.19 294.85
480.37 288.49
153.63 296.13
344.59 311.40
184.69 293.31
210.84 93.82
257.17 230.55
264.34 93.50
312.64 359.05
168.11 443.04
240.53 43.60
116.66 117.49
79.97 295.45
329.55 176.55
128.08 159.95
61.44 46.70
226.07 229.53
313.38 379.88
187.34 47.26
79.65 315.36
230.39 419.56
278.62 294.79
167.86 425.12
303.55 378.32
459.53 290.27
194.95 252.75
454.88 244.73
151.50 234.01
70.73 381.43
102.24 359.77
358.66 92.78
347.83 438.67
286.07 35.66
137.50 116.57
234.52 177.69
470.85 288.55
305.77 424.22
272.14 378.00
146.72 445.57
215.63 250.76
110.95 316.20
442.31 220.96
226.86 292.25
224.32 179.13
229.11 356.64
371.07 175.24
245.65 177.67
93.17 116.71
147.06 117.12
103.12 26.54
233.93 156.25
177.58 22.28
402.56 154.90
196.24 293.29
74.18 117.41
270.04 315.13
360.92 177.91
169.25 114.94
209.92 425.54
337.43 113.05
261.80 20.42
227.71 313.01
386.06 289.82
180.00 113.42
456.92 174.32
156.97 426.46
371.27 155.21
269.04 291.52
223.65 158.29
259.90 318.30
464.67 40.81
442.26 242.74
261.69 64.82
406.24 311.73
104.25 95.92
157.25 116.67
140.37 251.73
211.53 446.06
102.97 47.25
206.32 294.12
208.61 25.48
200.49 94.10
352.46 246.43
428.34 89.50
365.31 289.54
232.16 115.29
372.78 227.84
211.49 113.80
198.66 422.41
250.74 46.13
329.43 157.14
168.95 179.91
310.64 290.50
374.42 313.68
369.94 110.95
19.16 137.64
347.94 91.16
403.26 176.23
340.67 224.96
237.45 312.92
229.45 45.28
373.29 248.81
485.05 40.87
256.67 178.22
258.34 295.68
85.93 232.06
381.87 113.41
195.49 313.91
198.17 44.56
405.60 88.16
206.20 313.57
179.43 93.10
335.36 373.98
369.92 90.80
113.70 25.48
68.48 230.41
414.15 175.77
479.27 175.16
167.53 44.85
360.47 153.49
58.43 299.41
134.17 46.78
452.86 225.04
362.90 227.41
238.04 292.43
378.29 41.71
199.36 445.35
146.13 426.27
271.47 358.45
71.98 46.70
230.12 23.81
168.65 94.48
489.62 226.13
281.27 313.89
108.57 233.31
290.11 116.54
123.91 25.01
177.73 45.26
300.77 291.26
157.95 96.14
156.56 24.27
361.97 249.42
116.11 96.53
217.12 316.53
259.18 358.09
476.90 223.98
301.69 312.32
134.52 23.92
213.37 180.34
456.81 153.89
81.41 47.55
430.26 242.53
104.93 117.86
331.61 247.28
440.03 110.22
428.71 110.39
220.95 489.89
241.69 421.87
384.22 249.17
463.72 107.91
477.36 244.74
352.17 227.00
221.90 116.35
450.97 109.48
122.28 315.87
321.82 291.88
136.93 94.43
153.11 316.59
240.19 23.66
111.57 162.58
434.33 152.58
252.00 422.89
464.72 225.20
184.28 315.97
468.16 175.72
245.51 158.48
263.13 422.07
81.86 161.02
123.93 44.81
436.46 176.81
91.94 95.54
218.69 24.82
289.34 290.74
392.08 178.54
302.28 356.82
416.43 308.51
381.00 90.59
347.77 113.48
341.79 246.56
401.35 41.93
70.40 161.48
273.59 422.85
142.19 317.66
349.55 180.20
200.45 114.66
349.06 158.37
92.46 47.93
333.62 42.79
243.04 94.35
344.79 40.72
157.90 44.90
390.01 40.79
146.97 94.30
356.63 40.39
366.67 373.82
323.12 355.15
132.63 317.86
232.34 92.97
339.36 159.82
323.23 43.26
415.85 114.42
474.17 111.56
445.19 157.60
403.21 111.47
412.72 39.97
367.10 42.21
425.01 178.45
432.99 41.90
273.26 266.53
69.91 339.36
134.92 424.84
190.88 491.34