17.44 26.14
30.88 12.60
32.66 35.43
57.06 45.80
187.45 23.18
35.16 83.31
34.67 108.31
33.86 133.31
406.41 8.80
403.95 30.69
274.38 227.75
275.85 237.55
227.65 210.92
224.54 229.71
208.37 183.80
126.99 229.71
132.55 239.84
79.94 184.29
36.31 156.84
52.48 184.12
20.46 215.17
55.10 238.37
78.79 248.34
79.28 257.65
80.43 266.48
54.61 261.90
153.95 247.85
152.65 275.95
207.88 265.17
209.02 275.95
278.46 282.98
505.10 379.22
505.59 405.53
509.84 434.94
509.67 454.06
453.95 385.92
432.39 386.90
434.67 406.02
435.00 424.81
433.37 443.27
435.65 454.06
455.92 454.06
432.71 476.12
377.81 378.24
378.14 397.69
377.97 407.33
380.26 425.30
378.95 434.61
378.79 444.91
379.61 455.04
358.37 455.53
356.41 446.54
358.53 435.59
327.65 429.06
352.48 437.55
355.10 406.84
355.59 397.36
355.75 359.12
353.30 321.38
303.79 312.72
303.30 341.80
276.99 293.93
278.79 303.73
279.12 312.39
280.59 321.87
277.32 331.51
279.44 341.15
302.79 360.02
281.02 360.02
281.02 369.99
303.56 370.45
303.41 379.96
281.94 379.50
282.09 389.32
301.41 390.39
303.71 399.59
280.10 399.13
280.25 409.41
306.17 407.72
304.48 416.77
280.25 418.00
286.54 426.74
285.00 445.76
304.79 445.61
304.64 455.58
304.79 465.39
282.09 455.42
283.32 466.00
234.70 464.47
188.84 468.00
229.18 408.34
206.63 409.87
205.86 399.13
228.56 399.44
231.02 389.62
208.01 390.39
229.48 370.45
207.24 372.75
208.01 361.56
229.94 361.10
228.56 352.51
206.32 352.05
206.94 341.92
229.18 343.00
229.18 332.57
206.17 332.42
207.86 323.37
228.71 323.83
228.10 313.40
206.63 314.47
208.62 305.27
230.25 294.07
231.48 304.20
134.08 294.84
153.71 295.76
132.86 304.81
133.93 314.93
155.55 314.47
134.54 323.37
155.10 323.67
156.32 333.64
130.86 333.18
131.02 343.15
154.79 342.69
104.79 355.73
132.70 361.10
153.87 361.71
153.71 371.37
133.78 371.68
132.40 381.19
155.25 381.04
155.86 390.70
132.55 391.31
134.85 400.67
157.86 401.13
155.55 410.02
135.62 410.18
133.47 420.61
154.18 420.15
155.10 437.63
157.40 448.21
158.16 457.11
134.54 437.78
136.23 447.45
135.16 458.80
82.09 378.58
81.78 389.47
84.54 398.98
54.79 377.35
57.86 389.62
57.40 401.43
56.63 424.90
56.02 435.48
56.32 457.88