37.07 33.21
34.53 52.19
58.00 33.21
80.29 32.19
103.90 51.29
137.99 51.97
257.16 51.22
300.64 31.52
311.25 48.87
286.62 72.43
322.23 29.32
345.26 27.58
345.56 48.19
367.00 30.91
367.38 50.15
378.82 31.06
379.28 49.17
390.64 46.67
400.41 28.56
401.02 46.90
411.02 28.03
411.40 49.02
422.23 28.03
422.23 47.43
432.76 28.34
432.53 48.79
442.61 29.55
443.82 52.73
455.41 31.14
454.58 50.84
475.87 28.19
475.94 48.19
486.93 47.66
493.19 73.78
490.64 94.44
478.75 95.10
458.09 93.87
481.49 112.55
491.30 112.74
458.56 113.50
446.11 92.93
448.28 113.59
435.45 95.38
436.02 113.97
423.85 95.57
424.51 112.83
413.38 93.50
413.38 111.99
391.30 95.48
391.68 114.63
378.38 94.53
378.66 115.29
350.07 94.44
349.89 114.16
338.00 95.48
338.09 115.19
326.77 113.50
304.79 98.50
303.85 115.57
293.47 97.36
283.00 99.16
282.43 117.93
269.60 116.51
259.32 113.68
248.09 114.16
205.26 121.80
194.41 139.53
148.75 114.25
58.66 117.74
49.32 166.80
132.62 191.23
186.87 163.50
199.60 162.46
221.49 160.48
189.04 189.72
199.79 190.95
211.68 189.44
233.09 190.66
244.98 188.02
266.58 189.16
277.43 187.17
290.36 189.34
289.32 159.91
301.21 161.33
313.28 163.31
311.68 187.46
327.53 210.48
323.85 162.46
334.51 160.85
323.75 187.74
333.38 187.74
354.13 187.17
355.07 157.55
366.68 160.85
366.39 186.42
376.21 186.70
376.49 161.51
387.81 161.33
388.94 186.42
406.58 161.33
405.45 188.78
417.53 188.87
428.56 187.74
439.32 189.16
450.92 192.55
466.11 190.19
479.89 186.61
492.62 190.10
504.98 187.93
428.19 161.14
440.07 158.40
451.30 158.31
465.92 157.74
479.51 160.00
492.72 159.91
504.13 159.63
557.05 226.61
491.30 235.85
479.98 235.67
480.45 254.16
469.79 236.14
469.22 253.40
458.66 235.19
458.75 255.00
447.53 234.53
436.58 234.06
435.83 254.63
446.77 267.93
425.92 233.12
425.55 253.68
413.28 234.25
414.04 253.02
402.90 234.53
404.32 253.12
381.02 234.44
381.39 252.36
350.73 234.72
351.87 254.06
340.45 236.33
340.17 254.44
328.47 253.59
317.24 235.19
318.09 253.68
307.06 235.00
306.02 254.16
295.64 235.95
285.45 234.53
283.56 253.87
274.41 235.85
273.47 255.10
263.00 235.95
250.73 235.67
250.26 255.38
229.41 255.95
218.85 256.70
207.15 255.67
194.60 254.63
182.24 255.85
160.64 255.85
13.85 303.78
199.22 343.40
224.98 302.55
237.43 323.31
249.32 323.02
259.32 301.89
281.30 305.66
280.64 323.68
293.38 302.27
294.04 328.21
303.85 303.50
305.92 323.78
315.36 304.44
316.58 324.53
326.68 303.87
327.62 325.48
338.66 302.46
338.19 321.51
348.19 303.31
348.75 322.27
359.88 302.36
360.45 321.99
379.98 300.48
390.92 301.14
404.89 300.85
414.79 301.99
426.11 301.89
438.09 302.83
449.51 301.80
460.92 301.70
483.19 301.89
494.13 299.91
493.75 319.53
482.15 319.82
380.92 318.78
403.75 319.63
415.36 321.51
426.02 321.23
438.94 323.12
450.83 320.76
460.55 319.82
414.51 345.67
576.50 331.54
494.18 365.08
495.52 385.81
483.32 366.91
482.96 384.95
472.84 368.61
471.62 386.05
460.76 366.78
460.03 388.13
449.42 368.00
448.45 385.32
438.20 367.39
438.32 384.83
426.50 368.25
426.62 385.20
415.28 368.00
416.01 385.69
406.01 407.39
403.93 364.95
404.18 385.20
393.45 367.64
394.79 388.73
365.40 363.73
365.52 384.71
352.47 365.56
353.20 383.61
337.72 353.73
339.18 385.69
318.45 367.88
318.32 393.98
307.84 366.05
307.47 386.17
295.76 367.64
295.40 388.86
283.81 367.39
284.18 386.91
273.81 384.83
262.84 369.59
263.69 388.49
253.08 389.22
240.28 388.37
219.91 389.34
207.23 392.88
216.98 413.25
186.01 388.37
164.79 387.64
117.11 391.78
38.08 372.76
13.93 391.05
208.57 432.88
220.52 433.98
203.57 478.49
242.47 435.56
252.35 432.27
253.32 451.54
262.71 430.44
263.45 452.15
274.18 430.93
274.91 452.88
286.13 430.20
296.86 433.00
307.84 430.81
308.45 451.66
319.18 432.39
319.54 450.56
330.64 434.47
329.06 453.49
341.50 434.22
340.89 453.25
352.71 432.88
352.23 451.54
364.06 433.37
362.84 452.03
374.42 431.66
374.42 454.71
396.74 432.27
396.86 453.37
408.32 431.54
420.28 432.88
431.37 433.25
443.57 433.49
408.81 451.78
420.40 451.30
433.08 453.49
442.96 452.27
467.47 449.47
482.96 449.34
495.28 449.34
507.10 449.95
493.08 427.64
555.03 441.78
493.32 495.32
465.03 496.17
449.18 494.59
422.59 495.69
396.86 516.78
407.72 514.10
450.28 516.05
464.42 518.25
480.28 514.34
436.50 548.61
475.15 558.13
486.13 575.81
473.93 579.10
462.96 559.95
463.57 580.32
451.62 558.86
452.84 579.34
429.30 560.08
440.03 578.61
428.93 578.49
417.35 578.61
417.47 559.10
395.76 561.05
395.52 579.10
385.03 578.61
385.28 559.22
374.06 561.66
373.20 581.17
362.23 579.34
362.47 558.37
345.03 536.42
351.13 563.61
351.01 581.05
339.06 582.76
326.50 578.86
306.98 559.59
305.40 581.17
294.91 559.95
294.18 579.71
266.25 518.61
264.18 560.93
262.96 581.42
252.10 562.64
232.84 495.93
232.10 518.49
199.91 496.17
196.01 564.59
209.42 587.03
171.98 564.22
16.86 501.91
41.01 565.56
30.52 565.20
18.32 565.20