18.44 573.47
295.15 411.88
301.38 277.62
450.60 418.34
395.86 554.21
164.26 271.10
451.82 612.15
406.80 432.10
19.34 757.39
497.43 480.94
305.60 429.53
434.09 475.95
112.22 760.19
295.01 554.42
260.00 765.98
333.74 607.23
503.00 419.96
511.94 235.40
462.25 562.20
491.72 357.98
299.43 537.90
519.92 355.18
483.50 499.63
421.37 670.17
360.23 209.99
513.00 672.94
376.09 396.33
512.83 439.59
459.44 629.36
469.50 804.05
190.82 529.32
270.92 532.57
385.45 558.55
399.40 607.68
490.65 421.33
388.20 611.51
433.64 560.73
397.77 415.56
438.99 614.68
357.66 412.64
460.20 436.26
375.82 539.36
444.90 435.02
387.75 356.93
481.14 374.62
194.48 604.10
204.29 622.64
307.64 412.15
423.49 543.27
416.89 354.25
342.63 255.14
384.53 628.90
372.73 211.63
473.18 630.12
440.10 753.72
462.90 611.67
309.11 557.25
465.26 591.58
223.26 554.23
448.40 630.55
344.40 623.52
286.25 537.90
374.98 610.37
383.16 413.90
376.81 370.38
319.92 624.29
269.88 603.18
374.29 748.94
18.39 766.36
295.41 725.67
394.44 431.54
454.00 545.25
514.95 423.10
350.59 351.30
294.47 624.52
475.34 690.30
317.80 431.12
503.09 730.87
327.19 475.70
384.82 228.95
486.21 675.64
445.26 480.71
518.88 565.54
131.76 526.10
397.90 158.86
268.14 622.23
347.34 414.27
359.20 605.78
333.11 556.12
475.82 672.68
430.92 434.30
335.85 575.54
245.76 604.11
320.30 646.24
394.85 689.53
322.09 413.07
280.86 552.81
47.63 320.76
368.38 225.86
333.05 432.69
357.76 555.50
249.26 572.14
439.40 214.38
346.05 206.88
179.70 724.80
337.71 349.31
421.70 416.04
396.41 629.40
369.72 433.83
477.66 216.16
425.49 214.29
384.15 667.41
469.94 480.50
366.37 493.61
322.76 369.63
285.49 18.84
331.46 623.89
362.91 370.24
285.77 346.97
380.64 431.03
287.47 490.95
407.54 476.27
516.15 539.36
336.24 747.34
407.68 690.23
461.48 145.46
407.51 494.83
449.28 561.86
19.63 716.95
440.41 545.08
228.62 620.82
362.65 538.86
230.12 598.73
319.63 665.89
407.76 672.09
163.35 617.79
46.63 737.72
332.77 206.78
428.02 736.02
206.73 550.16
20.79 743.74
321.05 604.71
390.71 750.82
503.67 219.78
303.20 219.17
526.69 526.79
303.27 471.36
523.76 437.93
253.89 620.46
375.66 647.02
484.67 479.59
510.32 480.41
285.14 365.86
308.79 157.60
420.85 495.37
386.30 308.87
413.33 612.60
500.88 524.34
304.26 685.23
227.18 661.86
231.05 550.02
449.89 235.20
446.03 72.55
411.67 213.12
240.85 620.50
480.86 651.91
104.52 716.45
310.76 535.66
344.29 686.58
394.72 671.89
451.51 356.24
527.38 422.07
369.22 624.48
293.62 663.65
362.83 731.61
308.51 206.85
357.83 434.29
323.32 729.48
307.98 625.44
232.47 529.84
497.39 500.70
466.83 736.66
314.50 474.03
310.99 367.68
424.17 631.16
218.50 603.67
437.88 373.35
518.11 593.84
308.76 603.64
231.04 366.92
21.87 727.56
364.77 279.28
267.15 429.64
376.92 139.97
441.72 735.30
453.92 755.44
438.02 418.04
274.58 275.70
462.48 415.85
460.52 675.07
360.31 23.41
323.68 537.41
435.15 231.61
355.52 227.42
301.74 344.83
479.06 610.64
499.78 675.53
243.89 551.38
429.85 143.73
440.52 805.23
331.63 667.24
165.20 658.47
403.58 281.90
412.22 733.25
296.35 605.55
254.75 661.67
538.01 233.94
479.63 355.36
152.71 598.30
292.69 430.67
389.40 141.29
485.16 437.65
217.72 303.39
342.29 227.35
505.10 713.09
447.27 314.24
500.85 441.04
465.08 214.70
255.14 226.91
368.56 688.95
364.01 751.74
191.14 620.56
349.54 729.75
403.85 352.45
359.04 157.24
455.48 499.41
434.91 672.99
426.12 752.33
344.60 432.42
311.15 305.68
420.76 690.98
370.87 668.64
219.74 740.25
267.44 663.17
282.64 204.48
381.95 688.45
283.11 413.59
513.94 606.65
284.19 158.16
332.08 413.28
530.91 149.25
420.46 477.74
281.47 623.50
261.34 490.57
517.42 218.57
392.83 496.77
43.16 360.15
495.22 612.70
475.64 417.86
369.85 413.63
409.65 629.49
291.00 471.40
272.82 364.98
313.62 276.06
424.83 161.24
357.56 667.99
451.21 212.23
389.58 369.72
298.81 747.29
353.45 278.98
159.74 299.90
433.52 311.97
373.65 309.27
151.48 269.30
414.68 802.37
525.03 481.47
348.50 309.70
206.50 446.49
463.79 689.94
339.83 279.01
289.45 226.30
257.19 551.78
424.48 283.80
379.73 475.34
231.05 301.93
299.48 492.38
460.35 281.76
346.51 536.10
361.40 308.48
460.12 232.07
371.18 558.56
378.32 733.24
407.46 25.61
297.70 367.39
323.39 351.45
438.95 162.31
263.16 275.85
171.20 548.70
271.52 303.86
374.00 160.68
395.70 230.56
312.86 348.81
431.32 498.34
469.84 500.83
271.31 413.58
391.27 282.84
474.96 440.77
285.96 727.73
364.03 140.53
241.84 661.01
180.04 622.18
220.92 723.31
527.74 166.84
334.73 308.06
386.32 160.23
508.49 502.18
157.51 549.24
27.38 644.47
534.43 286.06
487.37 233.64
273.92 346.13
530.92 380.88
237.73 422.45
459.12 315.17
499.59 691.84
249.72 467.24
385.71 777.07
472.59 162.80
437.09 284.05
348.15 159.45
529.63 217.37
208.50 270.88
491.59 632.63
307.97 663.55
521.78 502.01
520.61 317.04
501.80 167.04
448.67 283.89
283.17 605.70
394.99 474.12
274.63 491.10
377.65 351.28
492.35 317.70
190.50 737.85
475.56 237.82
472.22 279.53
298.19 307.26
378.37 281.38
284.56 306.14
504.42 758.86
463.81 374.88
383.34 22.79
421.40 232.22
334.94 136.11
314.18 495.23
235.00 273.93
257.19 410.84
522.22 287.80
543.23 219.01
399.35 311.56
505.10 314.44
165.63 675.56
226.94 425.94
410.90 310.71
223.22 483.76
404.61 372.33
512.67 694.84
479.84 754.70
335.29 158.27
261.89 472.17
505.20 283.80
336.12 369.86
248.97 274.48
477.87 144.70
433.25 95.10
526.98 237.97
432.83 806.55
252.55 683.52
380.59 495.55
265.94 221.76
278.73 468.08
375.44 800.15
487.05 564.36
200.61 661.42
472.53 315.03
491.77 147.43
241.77 222.85
503.16 145.76
460.37 76.50
497.06 377.69
260.24 347.59
518.60 147.50
327.14 278.82
488.06 164.41
415.56 141.74
504.95 565.16
245.17 367.97
482.07 92.58
446.12 93.32
221.65 270.42
200.20 423.77
144.31 721.11
533.00 319.08
248.94 342.29
516.81 168.72
544.77 172.57
363.54 801.46
195.27 472.89
419.32 91.39
388.06 799.87
460.13 97.38
495.00 92.47
95.75 674.77
470.82 70.79
509.92 635.78
198.08 152.49
349.65 799.61
84.48 306.31
337.01 798.42
111.80 421.29
232.87 153.05
516.50 378.54
471.61 96.08
117.10 524.19
215.37 368.22
453.36 803.69
55.50 538.22
131.23 718.80
97.54 612.09
73.97 451.94
120.12 466.06
386.72 539.44