244.23 31.88
284.88 12.10
352.62 22.29
363.18 23.01
401.55 51.19
409.58 23.61
420.97 22.53
433.08 24.09
454.78 23.61
465.81 24.09
477.80 23.25
488.12 24.21
480.08 51.07
511.86 25.53
523.37 22.65
545.79 24.93
556.82 24.93
591.71 24.33
636.80 26.13
557.42 76.85
570.01 76.73
581.04 76.97
571.81 99.63
654.54 77.81
872.65 77.69
872.53 93.27
874.69 112.58
873.37 129.72
871.33 148.55
880.80 164.02
871.09 182.84
874.21 196.03
808.26 92.55
802.14 113.18
779.72 124.93
804.06 126.37
817.13 147.95
806.34 160.78
796.51 195.07
772.41 192.08
653.70 131.52
640.87 130.80
617.37 130.20
604.42 129.72
592.91 127.93
592.43 146.99
567.25 149.63
568.21 128.53
556.58 128.53
544.35 129.13
531.16 127.69
530.44 146.03
517.97 129.24
517.49 147.59
455.98 162.22
456.22 170.73
452.62 181.76
454.42 191.71
454.30 222.77
450.95 233.44
454.78 243.27
528.16 194.59
542.55 195.31
554.54 194.47
566.89 194.11
543.15 214.02
554.18 213.54
543.27 233.32
579.00 217.37
591.83 213.90
591.23 194.23
602.74 218.21
616.53 194.95
616.05 215.46
628.04 214.98
652.98 198.55
765.09 248.79
902.02 281.28
904.42 269.29
808.86 288.48
760.18 290.40
748.79 270.37
723.25 267.25
711.98 268.69
711.14 287.28
698.67 287.28
688.36 266.54
675.29 285.60
663.42 286.56
663.30 268.21
650.23 266.18
651.30 287.16
515.81 265.10
453.46 254.19
453.94 264.62
456.70 274.21
453.34 285.00
453.58 295.19
454.18 305.26
453.34 315.46
453.10 326.01
451.31 335.36
453.10 346.63
451.43 356.34
449.87 366.54
452.02 376.97
454.42 388.12
514.97 284.04
528.64 264.38
529.36 285.36
542.91 265.94
542.31 283.92
554.54 264.86
553.70 283.92
565.69 264.26
564.49 284.88
577.44 263.78
577.44 283.92
589.32 264.98
589.07 284.52
602.74 265.46
614.49 265.58
613.77 284.04
626.61 266.30
625.53 284.64
638.72 268.21
638.24 286.68
514.37 330.56
515.81 351.43
527.56 332.96
527.61 350.80
541.76 331.51
540.29 350.06
553.19 331.62
553.71 350.80
565.14 350.80
565.35 331.51
577.29 331.72
577.71 349.75
589.35 331.30
589.35 349.86
601.61 352.79
601.93 329.42
611.99 328.47
613.14 351.22
625.93 329.83
636.52 350.27
661.44 331.24
661.55 352.07
687.29 333.65
686.04 353.21
738.90 334.91
767.61 332.85
854.91 336.85
844.62 369.23
780.09 419.34
757.32 417.29
719.56 418.31
707.55 419.23
695.19 419.46
682.49 417.74
683.40 398.98
672.31 397.26
658.92 398.52
658.92 418.54
634.78 395.89
633.52 418.89
622.42 398.75
610.52 398.86
609.72 417.06
597.82 398.18
597.71 419.12
586.49 415.11
585.69 394.17
573.56 395.55
574.48 416.83
561.66 396.23
562.24 416.14
549.42 396.23
550.68 415.57
537.98 397.49
536.61 416.71
524.59 394.74
525.17 414.54
511.89 395.09
512.35 413.97
494.04 447.49
484.32 470.03
468.76 468.09
513.04 460.65
513.38 484.10
528.83 462.37
530.20 481.47
541.64 462.02
541.53 480.56
554.23 462.14
553.66 481.36
566.70 462.37
565.67 481.59
579.40 463.17
579.17 482.27
591.53 465.34
591.64 485.13
603.31 462.71
604.11 482.04
616.24 467.17
615.21 483.76
627.11 465.68
627.23 482.16
639.24 464.65
637.98 483.07
658.12 444.74
666.01 465.80
663.38 483.53
675.05 485.25
688.21 463.51
688.90 485.71
699.65 485.25
711.44 465.11
713.15 491.08
724.48 465.23
724.25 486.39
735.23 484.56
769.67 538.22
749.08 570.83
725.59 550.17
714.37 530.34
702.96 529.28
701.99 550.17
690.48 550.36
690.00 527.92
678.68 525.70
677.52 548.14
666.30 529.37
653.15 528.70
653.05 550.55
641.45 527.34
640.96 549.39
628.29 529.08
628.10 550.17
617.17 530.24
616.30 550.75
605.47 530.15
603.83 547.27
592.70 530.53
592.32 548.33
580.23 530.73
580.71 551.23
568.24 527.54
569.11 547.36
555.37 526.96
556.44 546.78
538.26 526.38
525.20 526.38
511.27 526.96
699.86 596.59
687.48 593.69
687.67 611.97
779.65 590.98
774.81 602.00
675.10 595.43
673.26 615.06
662.63 594.07
640.09 592.91
637.29 614.48
627.13 595.82
625.68 615.93
613.98 593.30
612.53 614.48
602.09 594.75
590.58 593.11
589.71 613.42
576.94 593.69
577.91 613.61
564.46 593.69
564.46 615.16
552.47 591.37
540.48 594.07
541.25 612.26
528.29 593.20
527.52 612.06
516.49 592.53
516.20 611.68
505.08 594.36
503.92 612.16
491.93 593.78
492.22 611.39
488.93 629.66
469.69 601.91
453.25 619.41
429.94 582.28
429.45 598.91
428.97 615.35
430.71 627.83
428.78 639.34
425.97 649.10
424.43 656.45
428.68 666.03
429.65 676.86
427.91 687.59
429.16 697.56
427.13 707.61
426.55 717.67
426.84 728.89
426.75 749.01
424.43 759.55
423.07 738.66
444.15 809.06
404.99 817.09
392.12 762.93
392.99 753.07
391.45 742.04
391.54 732.57
393.38 722.51
393.38 711.87
393.57 701.91
395.31 691.66
393.09 681.02
394.93 670.67
391.35 650.65
390.48 639.53
392.03 628.79
392.61 619.32
392.32 603.26
348.80 581.02
338.84 599.68
337.48 616.12
338.55 636.92
335.45 646.88
338.93 658.19
335.06 667.00
335.45 677.54
335.84 698.14
335.45 708.39
337.96 718.25
338.93 728.60
336.61 738.18
334.77 749.20
334.39 769.90
380.23 819.41
366.78 821.25
356.05 818.64
311.76 750.07
313.40 729.86
312.14 707.81
312.24 696.78
314.56 677.34
314.87 666.78
315.42 656.27
315.09 646.65
316.07 635.81
312.68 624.44
316.84 614.81
315.31 599.49
214.10 579.36
236.20 610.21
235.77 620.39
262.02 640.30
261.70 650.80
261.15 661.64
237.85 661.31
235.66 650.69
237.30 671.48
261.81 671.81
261.15 681.99
263.45 693.25
260.49 701.57
261.70 713.82
258.52 723.23
235.44 732.42
181.39 740.74
156.23 711.09
102.83 742.05
77.34 710.65
28.87 691.18
182.16 640.85
154.80 629.25
188.61 618.97
180.52 609.23
184.34 597.96
161.04 597.63
129.86 582.42
29.86 599.60
491.68 658.74
492.04 678.03
503.96 657.51
503.35 679.01
515.51 657.76
515.14 678.64
527.92 679.62
540.57 659.97
552.73 682.08
552.98 657.51
565.02 659.23
564.77 679.62
576.81 660.70
588.61 663.28
587.99 680.85
600.15 662.06
601.63 680.36
610.72 659.84
612.81 681.22
626.32 680.97
685.78 659.72
693.40 736.38
625.95 725.81
600.15 744.86
577.43 724.83
564.28 722.62
527.79 722.87
528.53 741.17
515.63 721.64
504.08 723.23
490.82 722.50
490.20 744.73
504.45 789.08
181.54 659.71