27.12 68.89
26.84 89.07
55.25 84.22
72.81 58.85
25.67 110.95
27.32 117.86
26.42 129.27
28.97 138.43
27.02 149.54
29.57 160.05
81.22 177.32
26.42 181.07
26.12 191.73
26.72 200.74
25.67 212.75
27.92 223.11
29.12 232.87
25.67 244.73
26.57 255.85
46.09 258.25
26.27 265.30
26.87 276.42
25.22 286.03
27.02 295.49
26.57 306.45
27.02 316.96
24.92 328.67
27.17 339.48
27.32 349.39
30.17 358.85
51.49 356.90
69.81 385.12
24.77 370.71
25.22 382.12
25.67 393.83
27.32 405.40
41.58 433.62
79.87 431.67
103.60 410.20
107.65 400.59
103.30 390.53
103.75 381.52
106.00 372.51
103.75 362.90
103.90 353.59
104.80 344.73
105.55 335.73
104.95 325.97
104.80 316.66
105.40 306.90
105.40 297.59
107.20 287.83
107.80 172.51
108.25 162.30
107.80 155.09
106.75 142.78
106.75 134.37
108.10 125.82
108.25 116.96
108.85 107.35
108.55 97.74
107.20 89.18
107.80 79.27
107.50 70.71
107.35 61.55
109.75 51.34
56.45 8.10
130.32 35.73
141.43 34.52
152.84 33.77
163.05 34.67
173.42 34.82
180.77 13.50
183.48 35.43
193.54 36.33
204.20 35.28
207.35 14.70
232.72 14.25
215.61 35.57
225.07 37.53
235.43 36.63
243.99 37.38
254.50 35.43
264.71 37.83
275.67 36.63
262.75 13.95
298.19 14.10
320.41 12.90
306.75 36.03
327.47 35.43
337.23 37.53
344.59 13.95
358.70 37.68
371.31 13.05
393.38 13.80
416.36 13.95
441.43 14.25
465.16 14.70
389.03 38.43
408.55 36.93
419.21 36.03
430.62 36.78
440.53 37.23
451.64 34.97
460.35 36.03
472.36 37.23
482.27 36.78
492.33 36.33
509.90 51.64
509.30 61.70
508.40 71.01
510.35 79.87
510.05 89.78
511.40 98.04
510.20 107.20
510.20 117.41
509.45 126.27
510.05 136.18
509.30 144.43
508.25 155.24
507.20 164.55
507.05 173.86
462.60 81.82
462.90 101.04
452.09 84.37
452.54 99.84
441.73 83.92
431.67 83.47
431.82 101.34
421.76 83.02
421.61 101.04
411.10 103.29
399.54 83.17
401.04 103.29
388.73 84.22
296.69 82.12
277.47 81.97
266.21 82.27
256.45 81.97
245.79 84.07
245.94 100.29
236.63 81.97
235.58 99.99
224.02 101.79
224.77 83.17
214.41 82.57
215.16 99.69
204.95 83.92
204.80 102.09
194.44 80.17
194.44 100.44
184.08 79.72
183.78 99.24
172.66 80.32
173.72 97.59
162.90 79.57
163.51 98.64
152.24 81.22
152.54 99.09
151.79 145.94
151.34 165.76
163.05 143.08
162.75 164.55
172.96 146.24
183.63 146.09
172.06 165.46
182.87 163.65
194.14 165.46
204.05 164.70
214.71 145.49
214.56 166.21
224.92 166.66
234.98 162.15
235.13 190.68
254.20 167.56
265.76 167.71
275.52 168.46
286.78 166.96
287.38 147.29
297.29 164.70
308.10 164.85
317.86 163.80
317.71 145.64
328.37 164.40
338.13 164.40
348.19 163.05
358.55 164.10
369.21 162.45
379.42 165.00
389.93 144.88
389.78 165.76
400.59 166.21
410.80 147.44
420.41 164.40
430.32 165.61
432.12 146.39
441.43 163.35
451.79 145.49
463.51 147.14
462.75 164.55
473.57 211.55
460.80 211.40
472.36 249.84
460.05 250.59
449.84 248.64
431.07 249.84
419.06 250.29
408.85 250.44
438.13 211.85
429.87 211.55
409.15 210.80
398.64 211.10
387.83 212.75
377.92 211.85
367.71 212.00
356.15 211.85
345.49 213.95
398.49 248.49
388.73 250.29
377.92 249.69
366.81 248.64
357.20 249.54
345.79 250.44
270.41 210.50
269.66 247.74
258.25 249.39
249.39 249.54
257.05 212.30
246.99 211.25
227.02 212.90
238.28 249.69
228.37 249.84
218.01 250.14
207.50 248.64
196.24 250.74
186.33 249.69
217.11 210.50
206.75 209.60
196.09 210.50
186.03 212.00
176.12 211.85
154.35 211.70
142.48 213.05
177.47 248.94
166.36 250.14
155.40 248.64
143.69 249.24
151.64 295.34
150.14 314.10
160.35 295.03
160.65 314.85
171.16 295.03
182.42 294.43
192.63 296.84
201.49 294.43
212.15 295.49
223.26 295.03
233.48 295.64
244.29 295.03
254.35 295.64
264.41 296.84
275.22 295.79
285.43 297.74
295.19 295.49
170.56 314.10
181.82 314.55
191.58 313.95
202.39 314.40
212.60 313.20
222.81 313.95
234.08 314.85
244.29 314.55
253.60 316.51
264.11 317.86
274.77 316.06
285.43 315.46
294.74 314.70
305.55 315.30
306.75 295.18
316.21 295.03
315.61 315.61
326.57 296.54
337.68 295.79
347.44 294.28
357.35 295.79
367.41 296.09
377.77 295.64
387.68 296.24
398.34 296.09
413.35 296.39
430.17 296.84
439.93 296.84
326.57 314.70
336.78 313.95
346.99 315.61
357.20 315.91
366.51 314.25
377.77 314.40
388.73 315.00
398.49 314.25
408.70 314.70
418.76 315.30
429.57 313.50
439.93 315.00
450.74 297.89
461.40 294.58
449.39 316.66
460.50 315.76
481.22 338.73
507.35 288.58
508.10 297.59
506.75 307.65
508.25 316.96
506.45 326.42
507.20 335.43
507.50 344.43
506.45 353.44
508.70 363.65
507.20 373.26
508.70 381.67
506.30 390.23
505.55 401.04
506.15 409.30
524.92 400.74
460.20 359.00
460.35 376.87
450.14 359.90
449.99 377.62
439.78 356.45
429.87 357.65
419.06 360.35
408.40 361.10
398.49 360.35
388.13 359.60
377.17 358.85
367.26 361.10
356.15 361.55
346.09 358.70
336.03 360.05
326.27 358.55
438.43 377.47
428.67 377.47
419.06 378.37
407.05 377.17
398.04 378.07
388.28 377.77
377.17 377.32
368.01 378.67
357.95 380.47
346.69 378.07
335.73 377.47
326.42 378.52
314.56 358.40
305.10 358.10
294.89 361.55
284.68 359.30
274.92 359.45
263.81 360.05
252.69 360.35
243.08 360.80
233.17 361.10
222.36 360.95
212.75 360.95
203.45 360.50
192.48 360.05
181.82 359.75
171.01 358.85
160.20 358.70
149.84 358.10
149.99 378.97
160.20 379.12
181.52 378.82
192.18 378.07
202.09 378.37
212.30 380.32
222.81 380.17
233.02 379.72
243.84 379.57
251.79 380.77
263.35 378.67
274.17 379.12
284.23 378.07
294.14 377.02
304.20 378.07
314.71 376.27
125.97 424.01
137.98 422.66
147.14 423.26
158.70 423.26
168.91 424.46
179.12 424.76
189.63 425.67
199.24 426.57
210.35 426.42
220.26 423.11
194.29 442.18
219.81 443.23
246.39 442.48
270.41 442.93
231.37 424.76
241.43 424.46
251.94 424.61
260.50 424.31
271.91 423.11
282.42 422.66
292.63 424.31
303.29 425.67
313.35 425.37
296.99 442.48
321.46 442.93
344.59 442.78
324.62 424.91
334.53 423.41
343.84 424.16
354.35 425.82
365.61 424.31
370.86 443.53
375.52 424.61
384.68 424.16
395.79 422.96
406.75 425.67
397.29 442.48
422.96 443.53
450.14 443.38
416.51 423.41
427.02 423.41
437.23 424.01
447.89 423.26
457.95 424.31
468.31 423.26
478.82 421.91
518.46 445.18
492.48 426.27