348.56 123.87
391.83 81.14
25.20 156.05
93.93 321.54
33.21 224.95
475.50 443.02
164.90 448.52
179.39 571.15
38.80 533.75
434.97 589.16
328.20 490.31
39.40 469.88
16.27 269.39
47.42 597.75
268.08 247.49
248.23 334.82
92.84 310.54
126.54 270.21
272.52 62.95
199.89 570.59
442.47 552.08
379.61 253.24
62.85 336.26
336.95 400.96
389.12 525.77
381.27 331.39
345.08 463.99
160.49 187.24
316.59 145.08
325.63 463.71
269.09 375.94
214.54 462.57
390.05 506.53
413.26 589.09
256.89 443.62
267.88 589.60
435.41 172.62
225.03 464.71
125.60 445.77
425.26 312.31
126.29 527.64
422.14 232.39
246.13 510.85
203.10 525.03
15.93 209.29
137.88 527.27
139.41 188.85
290.07 589.34
346.61 204.68
278.28 571.75
212.93 572.12
204.71 465.23
346.57 588.53
170.94 270.56
325.06 313.10
380.09 207.17
456.68 105.92
391.57 270.17
179.53 591.96
83.95 147.24
333.14 507.23
183.40 208.69
148.35 464.64
38.69 488.64
278.30 507.71
357.48 589.59
171.24 464.62
379.13 62.94
236.72 464.25
147.69 526.18
515.37 341.83
300.67 527.30
357.01 443.85
400.69 466.37
437.72 503.99
457.50 150.47
402.53 377.04
345.16 570.02
401.94 332.32
324.40 527.85
258.91 463.26
347.01 444.87
190.54 505.76
283.05 144.17
324.20 330.54
136.03 464.95
256.78 588.76
281.39 314.92
305.59 144.80
245.88 528.61
367.87 443.95
412.75 251.24
282.41 270.55
413.50 376.51
423.75 443.54
182.66 145.69
104.16 572.59
357.60 401.12
335.73 443.81
541.63 610.77
215.32 444.85
350.66 482.71
356.69 570.45
377.92 376.32
427.26 399.92
357.37 332.58
334.42 569.21
246.40 402.79
400.77 444.48
388.93 375.87
529.25 610.42
75.43 463.07
225.32 445.04
313.02 331.71
413.64 399.32
390.42 589.49
368.28 570.04
125.47 464.34
300.32 401.64
300.93 589.86
171.27 333.03
289.89 525.95
358.29 206.22
355.75 462.85
378.89 590.64
517.15 611.26
224.09 573.33
326.08 189.00
201.86 591.00
282.62 333.73
413.23 312.89
268.96 443.84
288.49 569.55
204.23 332.14
411.77 444.45
258.15 401.94
190.88 571.03
425.53 270.72
192.46 271.34
424.17 570.33
280.04 445.64
367.25 507.68
323.98 445.02
115.02 588.21
392.64 188.47
314.90 189.53
279.75 464.00
323.92 570.18
289.38 506.98
116.08 378.38
204.24 313.01
302.93 186.36
312.05 527.32
595.58 609.45
157.84 588.84
260.03 207.83
381.48 79.78
378.16 507.39
192.02 444.71
145.83 507.54
541.44 15.91
236.95 334.02
236.28 401.85
269.48 401.83
356.67 376.11
356.68 507.92
159.65 208.69
159.54 401.22
402.82 312.97
168.96 509.32
43.27 206.17
289.22 401.24
367.99 376.26
159.19 464.63
191.43 316.77
225.44 401.87
336.55 205.66
379.23 313.03
250.71 144.98
413.61 269.75
234.69 571.67
378.77 570.10
28.55 333.20
300.36 377.26
337.71 125.70
246.89 253.45
237.04 444.43
358.59 142.01
158.97 570.93
439.99 401.58
302.80 331.42
311.35 374.37
445.69 568.41
190.88 251.38
337.49 188.16
335.93 330.88
192.41 464.88
323.38 507.96
238.37 269.97
434.39 569.48
358.20 311.62
380.43 269.83
223.58 376.99
271.32 332.79
256.41 528.24
423.76 589.55
181.60 426.08
300.82 506.77
443.03 376.42
202.39 507.34
114.15 528.06
228.55 147.24
413.94 467.11
390.52 251.67
369.53 188.31
519.22 15.76
13.20 347.84
270.39 314.28
424.30 332.01
193.85 186.63
402.94 526.34
172.22 314.44
574.77 17.00
344.65 507.08
105.13 252.05
323.76 252.72
237.70 206.06
369.27 207.75
38.42 312.66
111.58 444.54
147.13 589.89
4.63 133.87
338.18 63.15
391.18 311.81
484.76 351.38
274.93 491.47
357.54 62.59
357.00 271.15
291.87 313.88
283.53 232.25
346.20 312.62
214.08 508.34
392.09 207.68
402.75 62.43
275.25 419.82
400.85 18.50
217.29 128.28
359.49 124.02
357.51 19.80
409.61 126.47
439.95 444.72
96.01 545.60
348.37 81.24
346.10 270.71
114.68 464.65
157.95 509.59
381.20 188.31
435.47 332.15
94.72 189.43
69.08 23.14
63.98 525.53
335.60 270.89
257.50 254.45
555.38 611.62
236.22 252.51
412.57 332.34
404.08 187.09
421.41 505.60
135.73 311.59
159.15 377.79
313.19 251.85
304.86 81.54
504.97 599.93
259.75 188.26
125.32 590.73
327.29 146.57
327.28 62.23
307.79 60.56
148.99 252.29
37.97 332.91
551.74 16.61
123.63 508.36
585.10 17.32
171.52 66.89
160.01 313.88
293.69 83.55
192.16 378.96
562.89 17.19
38.60 271.47
4.79 91.62
391.37 62.03
304.47 207.09
71.77 312.49
238.19 64.39
16.44 315.27
27.03 254.01
378.87 20.11
214.46 252.45
5.28 57.94
260.79 126.96
215.75 207.40
217.70 80.90
372.71 82.51
415.16 78.38
250.05 127.66
262.10 144.92
306.53 125.86
340.16 144.74
371.46 145.46
372.17 126.94
359.22 186.29
272.35 205.36
126.49 251.76
148.79 271.90
359.04 252.30
369.12 269.56
401.31 251.22
403.11 269.38
514.62 283.41
512.28 296.54
511.74 307.87
515.88 331.79
513.54 351.58
447.71 328.56
435.30 310.57
390.88 330.54
369.66 313.99
369.48 332.33
347.89 331.25
312.28 313.45
193.22 332.69
313.36 401.40
325.59 401.40
324.87 376.04
346.10 377.66
347.17 402.84
368.76 401.94
380.27 400.86
390.70 401.58
402.39 400.32
427.03 377.48
427.57 464.71
379.55 444.56
390.34 443.84
389.98 461.29
380.45 462.01
367.68 464.89
314.26 465.07
313.00 443.84
301.49 464.89
291.24 463.81
291.42 444.56
36.20 421.90
37.10 431.97
36.56 450.32
38.54 497.98
170.38 528.02
181.53 525.14
191.78 526.76
236.56 508.77
267.50 530.54
344.48 525.50
356.17 525.32
367.68 525.50
379.01 524.78
413.72 568.66
401.85 569.38
400.59 588.99
391.06 571.36
368.94 588.99
324.15 586.65
312.10 588.27
313.36 567.41
300.77 568.13
246.63 570.46
245.91 588.27
224.87 590.61
191.06 591.69
168.76 589.35