146.49 415.51
421.58 523.53
426.81 712.66
829.75 547.60
1213.80 478.29
184.26 480.51
481.37 726.70
795.22 731.37
641.57 606.03
610.91 381.77
529.81 305.48
505.85 736.61
665.31 670.63
740.09 561.35
1036.63 587.59
603.11 388.22
739.58 531.86
1185.37 538.68
658.31 510.35
626.82 535.14
634.29 557.91
938.99 562.38
511.77 398.95
812.78 476.65
843.50 533.56
662.14 289.38
1277.98 209.90
535.17 547.11
530.74 472.60
616.38 568.13
1088.95 608.19
1252.56 512.91
512.58 729.76
561.39 417.50
731.48 482.68
1093.07 520.19
534.59 388.45
496.81 740.54
675.32 581.94
604.22 304.91
526.28 397.33
619.07 401.82
865.10 465.04
161.87 346.95
512.46 230.11
1198.68 176.37
627.35 647.15
847.72 450.33
1016.87 344.73
879.44 510.30
40.28 439.27
634.42 529.17
949.74 413.33
693.09 403.88
613.00 242.86
423.80 468.27
761.51 595.62
517.76 625.50
569.73 355.50
381.79 498.53
659.68 454.93
605.13 470.31
640.22 687.11
593.92 395.71
584.19 647.29
1030.35 554.82
781.27 499.97
585.23 260.34
562.99 336.88
1057.88 292.35
417.40 363.15
634.48 363.53
499.45 71.99
317.99 377.02
969.63 399.52
394.05 653.40
1053.09 513.54
1225.51 260.26
511.58 481.44
442.30 699.06
1320.61 267.58
1112.61 278.93
506.17 296.90
548.17 266.51
570.34 274.44
637.79 280.15
550.96 765.34
1064.76 492.95
1015.30 230.50
658.65 371.76
173.51 425.19
1185.46 513.05
1065.20 327.76
354.35 575.01
622.84 236.18
650.26 377.78
996.23 360.92
705.88 638.47
672.61 253.24
1189.03 182.38
464.96 326.36
568.67 663.99
536.52 298.73
505.12 488.22
495.93 242.87
611.36 298.44
1036.99 562.67
587.63 317.61
371.48 590.62
1302.61 209.10
869.23 437.13
611.46 711.06
524.28 55.41
385.58 660.75
562.86 279.89
706.81 555.12
268.84 506.92
699.73 396.88
532.19 48.43
593.79 503.90
678.54 153.06
683.02 408.25
883.28 466.27
442.11 281.80
1343.87 418.04
497.90 466.57
572.08 651.68
467.22 681.59
497.94 384.83
1226.29 105.78
106.19 471.44
1024.44 221.64
653.30 352.60
1226.59 306.34
653.13 434.37
378.62 667.59
1001.71 329.14
1165.67 200.61
749.84 524.64
587.73 235.00
538.14 354.27
807.50 426.46
500.31 635.07
128.48 371.67
465.97 738.63
1066.24 299.71
1233.92 98.91
1282.88 452.52
929.60 392.11
1042.63 276.91
442.78 374.56
597.07 639.29
1048.24 417.42
611.13 408.73
1104.31 437.85
656.37 621.15
298.52 429.30
700.08 479.81
420.40 744.57
1234.97 313.96
432.95 350.49
649.10 544.02
682.56 575.38
578.67 407.30
383.81 387.51
317.12 400.89
945.23 374.02
1328.82 248.16
642.10 727.88
463.35 270.36
1349.09 140.71
1142.06 509.54
1050.84 284.67
377.09 478.89
1208.06 347.98
159.40 428.26
665.94 531.53
443.18 511.88
137.90 423.21
1200.99 439.09
1083.81 540.79
338.64 365.00
684.40 353.03
1295.16 252.88
947.44 450.08
1178.68 445.32
1235.45 375.73
813.18 717.80
1005.77 237.11
1048.16 312.23
1248.15 326.97
546.15 430.26
418.34 379.31
523.34 312.55
749.40 470.86
434.71 289.13
738.94 313.61
834.64 666.77
484.43 668.40
166.27 492.90
1190.72 280.67
1246.11 479.30
1130.02 555.00
1213.89 114.65
1166.85 402.36
578.19 433.57
686.41 160.62
536.82 518.49
582.71 352.02
1298.98 271.08
1255.91 169.65
618.47 624.19
1230.04 466.02
425.76 298.05
1358.17 429.76
1307.21 114.85
580.10 131.17
697.25 166.48
139.64 447.90
428.06 541.87
1258.16 332.50
1371.64 246.63
1310.19 269.76
797.04 571.70
469.01 654.30
122.81 460.76
1287.91 271.91
727.75 320.61
594.34 339.70
152.23 353.51
1039.55 303.13
1174.43 509.43
354.85 353.66
977.86 620.89
553.90 617.00
537.77 410.23
310.29 384.49
1130.88 443.30
635.36 390.98
1350.23 247.34
1213.34 541.25
497.53 303.70
145.15 360.87
554.06 369.96
375.66 421.78
845.47 399.23
704.33 175.90
1289.74 153.09
1146.37 568.04
447.66 532.63
337.43 428.02
544.88 540.63
879.21 550.98
189.00 413.41
235.33 530.17
490.81 747.22
553.91 754.19
353.03 414.20
418.02 634.95
427.46 685.26
1013.46 630.92
1330.06 340.45
265.95 476.83
583.20 738.43
1192.88 456.99
435.55 705.82
1223.13 485.62
1165.85 314.50
688.37 629.75
505.05 571.76
1133.48 351.73
507.76 663.75
482.13 753.24
1276.80 419.33
978.39 594.56
689.84 650.46
432.13 516.59
1219.33 440.62
931.54 361.44
344.92 419.65
626.69 479.68
482.32 481.39
398.49 628.90
89.96 485.98
227.08 507.70
248.86 516.20
797.06 515.51
825.55 636.43
456.17 497.52
235.52 501.89
723.76 724.34
1042.58 596.81
343.36 446.60
406.75 310.43
521.79 722.21
490.09 720.66
488.97 502.91
530.59 610.77
231.34 445.31
1156.00 585.49
603.27 738.14
359.61 434.78
601.81 581.77
1233.74 403.70
1328.18 405.47
210.49 522.64
1072.50 557.68
81.40 465.39
468.45 622.53
1273.24 359.11
1298.45 465.59
332.06 592.40
281.49 558.35
190.73 474.31
884.58 629.16
408.86 480.09
290.42 507.06
848.16 642.86
121.46 377.54
170.17 394.76
156.65 410.87
125.35 432.54
114.43 439.58
75.35 470.50
157.76 496.43
210.17 460.50
468.32 95.87
485.17 84.58
493.87 77.72
508.32 64.95
519.80 61.61
540.54 40.69
549.98 34.21
559.80 28.28
577.02 16.61
482.21 132.91
492.02 141.24
499.80 147.35
508.69 156.06
516.09 162.91
525.17 171.43
533.69 179.95
531.28 111.43
540.17 118.83
546.83 97.54
554.98 107.54
562.76 113.28
549.06 125.32
556.09 133.65
572.02 122.91
563.50 141.61
574.43 151.06
589.06 138.65
624.43 96.61
631.65 101.98
640.35 110.87
664.61 136.61
670.91 145.69
714.43 186.61
538.69 211.43
529.24 217.91
519.98 223.46
505.17 236.06
488.69 246.24
482.02 255.87
471.09 260.50
456.09 275.13
635.91 199.21
659.61 207.35
650.91 214.58
624.43 204.76
640.17 220.50
616.09 212.72
631.28 225.32
581.84 240.50
596.46 255.69
605.54 248.65
573.32 246.98
557.76 259.39
539.24 271.06
531.28 277.72
547.76 293.09
493.69 309.39
485.54 314.39
377.95 394.95
369.06 400.87
250.54 488.09
368.69 484.58
495.35 408.46
522.76 365.32
539.24 381.06
572.39 329.39
581.09 322.72
597.21 310.69
603.13 330.50
612.21 324.21
621.46 317.35
629.61 312.54
620.17 291.43
630.91 285.87
635.91 305.32
646.84 300.87
655.54 294.95
648.87 274.39
656.83 266.80
667.21 260.69
682.95 245.13
691.28 236.98
707.21 252.72
697.39 259.21
689.06 266.43
680.17 274.21
742.21 283.83
755.54 302.72
722.39 296.80
711.46 304.76
705.72 313.09
719.80 326.61
694.61 317.91
688.13 326.24
703.50 339.58
680.72 334.76
694.80 347.17
669.98 337.91
644.61 356.24
622.02 376.43
628.13 368.28
644.24 382.91
627.39 396.24
588.13 400.13
603.13 414.58
595.72 421.61
570.35 411.06
544.06 456.80
519.24 446.80
538.69 462.35
372.21 670.13
467.39 576.61
482.02 591.61
563.13 500.87
572.76 494.02
579.43 488.65
588.69 485.32
610.91 489.21
602.02 497.35
587.02 509.76
582.21 517.54
619.24 458.28
630.72 452.72
636.28 445.13
643.87 466.24
669.43 446.80
678.50 441.43
664.24 429.02
668.50 421.06
685.91 436.80
693.13 428.28
676.28 412.54
709.61 416.06
717.58 410.50
725.54 403.65
733.32 398.46
710.72 391.80
719.43 384.02
729.06 379.02
736.28 371.61
744.98 364.39
765.17 351.06
779.06 365.50
761.09 380.13
751.09 386.24
741.46 393.28
836.83 378.09
837.02 404.02
826.46 410.13
892.02 406.80
804.06 406.06
817.39 419.39
784.61 417.72
800.54 432.35
774.61 423.28
790.91 437.91
767.76 430.87
783.87 442.54
750.91 444.21
765.54 457.17
755.35 463.83
743.32 449.95
736.28 456.43
724.80 458.65
718.69 468.46
710.17 473.28
723.69 487.91
714.98 492.91
706.65 499.02
693.50 485.50
685.17 493.65
699.06 506.43
676.46 497.17
685.17 518.46
675.35 524.21
648.50 514.95
614.06 538.28
602.02 552.72
626.09 561.98
642.95 548.46
585.72 591.24
531.09 639.58
438.13 677.91
452.76 692.72
462.95 686.06
414.24 697.91
460.17 746.06
474.24 759.02
530.35 715.13
576.83 680.69
650.91 626.98
659.61 593.46
668.32 587.17
692.21 568.09
716.65 547.91
725.54 543.09
757.95 518.65
768.69 515.87
773.32 507.91
772.76 532.17
792.02 521.80
739.06 475.13
789.24 494.76
800.17 490.32
807.02 509.76
813.69 501.61
808.32 482.91
822.57 496.61
829.61 490.13
837.95 483.28
823.32 470.50
829.98 462.72
838.32 453.65
858.87 442.35
886.84 450.50
859.06 470.13
849.61 479.02
926.84 473.28
915.91 481.80
898.69 495.13
889.24 502.72
870.54 515.87
854.24 527.54
838.32 539.95
821.65 553.46
815.72 561.06
775.91 589.21
747.21 607.72
739.98 615.13
734.80 621.98
675.35 662.72
631.28 694.02
594.24 786.61
634.61 771.80
671.47 765.87
680.17 767.54
730.91 732.72
784.24 717.54
878.50 565.50
915.54 566.43
929.80 555.50
963.32 581.43
969.43 525.32
978.32 532.17
987.58 538.46
993.32 546.61
998.87 553.28
1006.65 560.50
1016.65 569.02
983.50 514.39
1004.61 513.28
1001.28 526.80
1008.32 534.21
1022.39 548.09
1000.54 473.28
1026.28 483.09
1032.39 490.69
1038.32 497.17
1062.95 519.39
1075.91 531.98
1109.43 558.28
1123.13 547.54
1114.98 540.13
1106.65 532.35
1101.65 524.58
1082.76 515.13
1078.50 505.69
1071.09 500.32
1056.65 484.95
1048.50 477.91
1042.58 471.43
1079.61 442.72
1097.20 430.50
1086.65 449.95
1095.91 457.35
1111.46 443.46
1103.13 462.91
1109.06 471.24
1115.35 479.39
1123.32 483.83
1132.95 491.61
1126.84 459.76
1134.24 465.13
1141.28 470.13
1149.06 479.02
1169.43 525.32
1197.76 552.54
1135.54 402.91
1142.39 408.09
1149.98 414.95
1157.39 421.98
1163.32 430.69
1170.72 437.17
1199.98 465.87
1235.91 499.95
1267.95 501.06
1250.54 488.28
1215.72 453.09
1186.65 424.76
1178.87 418.83
1171.83 408.83
1159.06 395.69
1150.72 389.95
1181.84 353.09
1188.13 362.35
1196.65 368.83
1198.13 342.72
1212.76 355.50
1219.06 388.46
1285.91 424.95
1350.91 325.87
1388.32 369.95
1390.29 307.91
1286.09 254.39
1275.35 254.02
1378.69 201.43
1367.57 203.65
1356.09 204.58
1344.24 185.13
1347.02 206.24
1335.54 207.17
1332.58 187.17
1320.91 187.35
1325.72 207.17
1314.43 207.17
1310.91 188.65
1301.09 190.50
1288.13 189.58
1290.54 209.76
1337.76 141.80
1369.61 121.98
1380.54 120.87
1371.28 142.17
1253.32 84.39
1207.57 169.95
1230.17 206.61
1102.39 244.21
1111.83 251.61
1120.72 259.39
1129.80 265.87
1138.50 273.65
1147.21 281.24
1088.87 253.84
1098.13 262.54
1104.98 270.50
1119.80 286.06
1128.69 294.21
1043.32 212.91
991.65 245.69
1022.76 288.65
1072.02 307.54
1080.17 315.13
1090.54 322.17
1075.17 333.83
1083.50 343.28
1099.06 330.69
991.09 318.83
1025.54 353.83
1042.58 367.54
1053.87 378.28
1033.69 392.91
1006.09 369.58
980.35 344.76
970.54 333.83
911.46 374.58
953.69 384.58
936.46 396.43
946.28 402.17
962.58 389.58
970.91 428.46
984.43 415.87
993.32 422.54
978.87 434.76