190.08 30.79
509.79 344.70
95.30 87.32
398.99 344.70
53.13 36.72
673.50 29.25
374.50 345.68
526.21 348.83
35.42 83.50
411.87 344.98
447.99 345.30
361.55 346.56
387.09 346.82
343.21 347.51
461.11 345.31
73.17 36.60
88.91 35.48
34.99 127.37
98.02 101.77
97.72 111.31
96.05 120.71
97.87 130.71
96.51 140.10
98.93 157.53
98.93 167.83
99.69 176.46
97.27 186.01
94.69 203.28
34.54 135.56
34.39 144.65
38.02 152.37
37.42 160.25
38.63 167.98
36.66 181.31
42.57 195.25
43.17 211.46
44.54 219.19
45.75 225.86
50.14 248.43
54.08 262.37
57.27 270.56
60.30 279.04
59.99 287.37
121.96 452.68
126.51 462.07
132.27 468.43
169.08 483.13
142.42 483.28
148.17 492.68
158.78 505.71
163.48 513.13
168.63 521.77
176.36 528.13
181.81 536.01
187.11 543.13
194.99 547.22
136.66 421.31
145.60 419.34
155.30 413.74
166.66 410.56
201.96 407.53
212.72 406.16
229.84 407.68
240.60 407.53
255.90 407.22
271.20 405.56
261.20 356.46
261.20 379.19
189.39 453.74
200.75 452.52
200.14 469.04
211.05 449.19
221.66 448.59
223.63 472.37
233.02 449.19
243.63 450.56
255.14 450.10
243.48 471.46
266.96 450.86
276.51 449.80
266.05 467.68
276.81 467.68
231.81 509.65
277.42 512.37
236.20 529.95
246.51 529.04
257.11 530.10
268.17 529.65
306.05 501.31
328.63 514.80
331.05 524.80
356.96 524.34
328.02 496.77
331.36 486.46
329.23 476.31
354.24 477.68
329.08 466.31
333.93 457.52
331.05 449.80
329.39 440.10
325.60 429.80
328.78 422.53
326.36 412.07
328.78 394.65
302.42 379.80
353.63 394.49
355.14 411.16
352.87 421.77
354.84 429.65
354.99 438.89
363.48 447.37
355.45 457.22
355.14 467.22
293.93 335.71
434.08 345.71
385.90 384.80
371.20 365.10
486.81 345.25
406.51 401.46
404.39 410.40
428.63 410.71
408.78 420.10
406.81 429.65
430.45 429.65
434.39 439.04
407.72 448.43
407.27 457.22
406.66 466.77
404.54 476.01
401.51 502.53
428.33 530.86
434.23 558.43
432.27 566.92
435.30 577.07
432.72 604.95
412.27 606.16
411.96 614.34
433.33 614.50
430.90 624.95
491.05 623.59
488.02 613.89
509.39 594.65
485.14 585.86
485.45 576.77
484.08 567.83
509.23 567.22
509.39 549.34
486.96 539.65
485.14 528.89
508.93 529.19
484.08 520.25
483.02 509.95
508.17 500.86
508.02 511.16
483.02 499.80
481.51 483.74
509.54 483.59
506.96 474.04
484.39 466.01
483.78 456.46
504.39 455.10
481.81 447.22
506.96 445.86
507.87 436.92
481.81 426.62
504.99 428.28
503.63 418.74
482.27 418.28
480.60 409.34
504.39 408.28
506.51 400.56
482.11 400.71
482.87 391.92
504.99 391.16
559.84 342.37
573.02 344.19
584.99 342.07
597.27 342.68
607.87 342.22
619.84 340.56
634.08 341.16
646.81 340.86
562.87 362.83
563.33 374.65
561.81 391.01
561.05 400.25
559.69 409.34
558.48 426.77
558.33 437.22
559.23 446.01
560.60 455.86
562.11 464.19
558.48 472.98
583.33 390.25
582.57 399.80
583.48 407.53
582.57 416.92
583.02 427.22
585.14 445.56
585.30 463.13
588.93 481.77
563.17 520.40
584.99 520.56
561.66 546.46
563.33 573.59
563.93 591.77
589.99 565.40
563.02 621.92
634.08 565.56
663.93 564.80
638.63 534.80
636.05 527.37
635.30 463.59
631.96 436.01
637.87 417.98
637.11 406.92
635.14 398.59
635.14 389.65
658.78 396.46
657.72 407.22
710.75 339.65
708.63 377.83
710.45 387.53
711.51 397.83
713.33 405.56
711.05 430.71
716.81 587.53
681.20 318.89
681.20 307.37
681.51 287.22
682.11 278.28
679.99 268.28
679.39 259.95
681.20 250.25
680.60 241.62
679.84 230.10
730.75 246.01
730.45 254.95
731.36 264.34
732.26 281.16
731.05 303.89
750.60 288.59
753.48 324.80