413.65 174.49
486.55 137.61
413.66 168.75
194.02 165.70
337.01 217.50
120.61 192.60
486.75 139.96
188.73 185.29
115.86 233.67
138.64 243.15
122.00 121.70
114.27 282.63
140.03 121.88
554.20 263.19
360.78 228.56
484.58 179.90
365.40 43.42
510.14 77.59
433.29 173.53
484.39 239.98
137.04 284.98
363.84 104.27
193.27 124.05
412.16 183.62
215.02 114.27
490.57 46.82
364.07 167.67
556.26 198.35
510.64 139.94
364.07 32.81
343.02 30.73
553.54 272.00
262.28 294.43
480.68 340.93
220.13 57.76
485.45 229.44
483.40 171.34
555.84 180.70
413.10 38.22
191.01 155.54
488.65 109.68
363.78 64.47
70.23 45.21
262.12 145.10
240.23 349.56
121.64 88.93
193.94 107.64
47.48 37.60
192.65 44.54
511.91 46.44
267.56 41.17
407.37 287.30
343.70 42.11
265.94 153.92
283.43 287.43
335.62 184.87
197.18 82.36
190.75 227.53
337.03 167.20
414.52 160.00
510.48 158.31
510.73 169.38
337.12 219.43
513.34 56.86
429.31 309.51
119.09 201.93
556.65 171.60
219.44 83.43
117.30 212.02
556.03 240.87
414.27 150.23
288.36 143.41
266.02 102.18
510.52 120.58
193.46 32.77
215.54 157.53
220.42 45.33
430.43 226.18
508.40 68.36
326.57 354.84
506.43 190.71
287.58 101.59
138.90 202.53
268.29 51.74
408.13 297.42
70.32 35.60
478.90 330.32
46.15 90.39
189.41 175.09
484.30 160.91
141.60 99.33
340.40 135.19
359.22 207.73
291.30 29.64
507.00 200.19
489.93 55.33
485.41 191.38
48.08 55.62
215.83 103.74
442.16 37.89
411.03 138.80
47.78 46.52
47.68 65.72
489.55 129.42
213.79 126.66
288.64 163.53
120.70 98.05
485.74 218.99
491.61 36.30
136.21 295.42
409.47 203.50
266.75 184.17
488.29 119.61
145.80 57.66
485.89 210.78
70.09 54.79
337.25 207.37
510.43 111.49
508.29 230.92
217.94 167.49
67.68 139.30
408.55 308.93
486.19 148.74
195.27 95.60
146.08 47.75
137.86 253.46
415.73 88.47
143.55 78.69
142.88 131.65
408.25 245.20
216.00 177.60
290.14 40.82
136.40 222.03
287.90 175.29
68.64 65.82
68.68 97.44
409.96 192.37
145.16 37.43
208.17 303.33
69.91 24.98
64.24 209.13
558.52 139.89
432.98 204.89
363.64 94.35
66.95 118.53
442.57 48.32
18.79 310.98
430.67 235.65
336.67 195.98
210.96 229.55
221.19 32.70
123.42 56.92
409.12 226.16
145.06 26.14
118.27 109.53
119.05 168.87
358.80 198.47
287.60 152.99
46.45 77.20
268.05 61.79
510.50 240.66
437.25 88.76
556.16 209.36
337.22 228.31
264.48 112.72
137.16 273.90
287.59 185.67
288.41 215.84
47.74 23.27
269.58 28.30
218.31 93.49
265.16 124.22
291.15 50.34
354.73 306.75
333.33 305.98
211.10 251.71
362.28 178.80
124.34 33.79
67.97 107.50
141.39 109.46
259.27 285.01
360.58 218.32
115.80 222.14
288.36 111.53
465.84 70.16
286.23 133.81
63.23 326.93
555.44 219.28
46.73 99.53
121.36 140.63
414.90 50.04
555.22 253.31
288.62 92.87
485.09 201.29
282.89 236.65
212.59 206.49
363.11 75.11
120.89 78.63
123.57 46.64
66.20 180.25
341.77 62.26
436.40 120.25
509.96 149.25
484.81 250.75
429.88 276.87
137.38 233.32
67.10 169.91
432.10 194.98
509.63 180.15
64.17 222.27
409.38 268.47
506.52 251.17
317.05 127.48
357.74 287.58
382.36 231.98
430.38 287.88
339.06 157.94
430.66 246.77
283.65 247.30
486.84 67.32
509.96 211.84
141.40 170.98
413.03 129.51
322.71 51.32
407.76 236.35
214.15 136.67
406.78 276.70
487.81 78.79
263.95 172.56
284.68 196.79
140.19 212.34
510.67 222.07
430.46 267.65
340.25 145.47
365.91 53.01
439.96 65.53
290.10 61.83
141.07 160.68
70.60 149.35
357.57 267.24
407.77 255.20
118.41 149.73
480.73 314.77
117.51 66.82
188.02 195.40
432.85 257.56
414.31 119.48
284.24 266.31
193.72 349.46
70.23 88.07
360.92 188.20
362.25 156.61
188.63 251.65
64.33 240.46
117.12 183.63
140.63 151.26
361.51 145.96
265.20 92.30
139.67 182.43
65.71 189.64
340.22 126.66
513.54 35.45
145.31 69.24
190.77 216.80
364.10 84.18
557.42 160.26
555.03 230.98
123.90 23.85
436.33 110.30
288.87 122.29
266.54 83.93
52.51 323.49
556.62 189.20
63.66 231.73
38.89 321.03
142.89 141.57
431.14 298.09
72.77 77.07
412.82 357.08
60.53 273.99
559.82 96.83
262.90 258.34
436.32 140.69
357.45 296.61
191.01 134.08
213.41 187.65
265.89 217.09
559.86 131.12
70.13 127.80
435.38 130.18
439.45 77.09
432.31 184.40
65.65 198.71
341.64 72.36
187.50 206.07
335.70 258.63
195.54 70.72
438.17 99.35
59.38 261.59
413.18 98.23
558.95 107.40
413.00 63.80
435.77 150.96
512.14 88.37
189.76 294.25
461.22 354.55
559.89 58.57
68.81 159.13
560.27 119.44
558.25 150.37
359.85 257.39
448.25 354.10
358.19 277.59
335.02 286.43
362.12 135.56
340.12 104.92
303.35 352.62
489.07 102.44