64.88 34.00
87.85 39.13
97.68 41.69
109.33 46.18
85.93 85.17
113.60 91.48
124.18 93.40
135.61 95.96
146.83 99.28
158.58 100.98
156.55 53.34
168.52 57.50
178.67 59.21
189.88 62.63
169.37 105.69
179.52 106.54
189.35 110.17
211.36 66.05
223.75 68.51
233.15 69.90
246.29 74.28
202.49 113.59
213.71 116.05
222.79 118.29
169.58 136.14
265.74 133.46
310.18 113.06
335.93 117.33
343.30 103.98
348.97 122.57
360.29 122.99
381.55 112.74
396.61 67.55
387.11 132.61
410.40 129.08
443.52 123.42
450.89 144.68
567.55 112.10
771.61 160.07
761.79 194.68
504.52 214.66
490.10 211.03
481.34 193.19
438.92 201.73
402.49 178.34
402.06 193.61
367.34 167.44
362.00 186.67
356.87 164.34
342.13 163.16
330.91 159.53
315.95 157.07
304.41 152.80
292.45 150.66
283.05 169.47
300.25 172.57
313.17 174.60
322.79 178.76
336.25 181.43
275.35 206.54
288.28 209.75
301.53 212.10
313.82 216.80
327.17 219.68
341.17 223.42
293.30 241.05
309.65 245.54
335.61 247.99
347.36 250.02
371.40 230.58
382.83 231.65
396.72 236.03
378.24 257.61
391.38 260.71
405.05 264.02
418.62 268.83
422.36 241.80
432.73 242.44
445.76 245.11
398.22 283.14
465.95 278.76
478.13 280.36
498.00 282.93
526.42 292.22
513.28 307.18
551.74 296.71
601.21 309.21
703.67 304.08
688.82 368.08
692.56 410.92
603.03 370.43
495.76 328.02
458.90 316.05
441.27 332.40
431.87 313.16
413.17 330.26
402.06 325.66
386.14 324.28
381.23 302.91
365.74 316.58
369.69 299.06
355.70 296.18
351.32 313.91
340.20 310.71
345.44 291.58
332.30 289.45
329.63 305.90
317.56 284.00
313.60 305.79
302.17 302.48
228.99 263.27
239.35 288.38
260.93 270.75
207.73 312.84
233.90 324.60
228.35 342.22
242.88 345.32
254.63 346.71
262.11 336.88
275.35 337.74
269.16 357.18
280.80 354.40
301.53 344.25
305.16 363.27
313.07 345.54
316.27 362.31
325.89 347.57
337.53 350.24
348.75 349.92
353.56 367.33
375.35 357.61
388.17 362.52
401.42 364.87
412.21 367.65
426.10 370.00
502.49 392.44
544.48 412.31
622.68 472.35
657.94 482.82
654.63 512.84
496.08 519.04
504.09 537.52
471.29 511.99
465.31 468.93
440.74 461.67
416.38 457.61
445.33 503.01
426.64 518.29
414.24 519.15
395.65 494.68
400.35 513.70
369.26 488.59
364.03 505.47
383.90 449.70
372.36 446.82
357.51 445.75
356.98 412.63
344.91 440.94
335.61 436.35
322.90 432.61
317.45 406.11
305.27 402.59
290.42 400.77
278.24 396.18
265.10 395.32
254.41 392.54
240.42 388.91
228.13 384.10
211.79 409.00
227.17 412.10
239.46 416.16
252.06 420.43
262.85 423.42
276.42 425.88
288.60 429.83
295.97 441.80
195.55 450.56
193.52 467.65
227.81 474.81
222.04 459.00
234.76 459.32
245.55 458.78
193.52 485.39
273.54 484.64
283.47 468.72
288.60 490.52
296.72 472.03
301.21 491.69
308.79 476.20
311.89 492.87
320.23 478.55
332.73 482.07
325.89 499.28
345.76 482.72
349.71 501.31
436.15 583.25
425.35 576.84
414.46 558.25
398.43 573.95
386.79 569.36
396.08 547.03
378.67 550.02
364.78 547.25
349.50 561.13
351.85 543.40
339.56 540.09
320.55 556.86
331.87 561.67
354.84 569.25
314.35 535.17
298.54 549.92
303.45 531.75
286.57 544.90
288.82 531.01
276.85 527.16
262.43 553.55
260.93 541.37
264.14 524.38
251.53 521.93
249.50 537.74
215.63 511.99
234.33 535.39
220.01 532.18
204.73 529.72
190.85 527.69
185.18 504.72
142.45 531.11
130.91 558.36
158.69 559.32
178.45 563.59
191.27 567.22
225.35 574.81
238.50 578.02
159.01 588.16
171.29 589.45
184.11 595.00
197.79 597.46
208.79 597.03
220.55 599.28
232.62 601.20
258.37 582.82
269.59 586.13
280.80 584.85
264.14 610.49
275.78 610.28
290.10 618.08
303.67 620.54
307.83 593.61
321.29 595.86
314.99 621.71
328.67 626.84
340.10 627.05
345.44 600.45
358.15 603.34
353.99 632.29
365.63 631.75
377.92 613.38
384.86 637.63
397.47 640.84
421.61 644.15
414.24 616.05
489.24 632.50
502.17 636.13
514.46 636.46
527.70 645.11
559.76 678.34
584.97 683.57
590.10 657.08
633.37 666.90
661.79 767.97
553.56 731.22
668.94 822.46
620.97 911.78
516.27 819.47
492.66 766.16
468.20 706.86
368.30 690.73
316.17 672.35
300.14 661.13
295.65 683.36
271.94 676.95
254.20 658.04
242.56 656.54
230.16 655.47
216.70 650.34
204.84 648.31
196.19 660.92
178.35 638.48
164.46 635.07
152.92 633.14
140.53 629.40
132.83 646.60
145.33 648.53
159.97 654.83
68.52 706.75
119.26 685.49
132.19 689.13
183.58 701.73
206.55 706.43
202.92 725.34
179.84 718.72
154.09 712.52
140.63 710.28
129.20 707.82
116.38 704.30
63.28 784.00
120.65 747.03
133.05 750.02
168.62 755.69
137.00 825.99
248.75 803.23
311.57 766.37
320.23 789.34
369.26 858.46