218.28 82.60
231.34 79.55
265.22 72.60
231.35 128.52
244.05 128.66
227.43 147.04
192.26 170.69
238.69 147.35
250.35 144.02
261.31 141.88
271.31 139.50
282.50 139.02
488.92 29.97
512.97 27.83
361.54 102.35
369.88 120.93
380.83 117.12
391.31 113.78
413.69 108.07
494.16 94.02
571.31 142.59
553.21 147.35
540.59 149.26
512.02 135.45
517.02 154.02
506.07 156.16
495.59 160.45
482.26 159.97
459.16 166.64
451.54 170.45
444.16 150.69
436.78 171.16
422.73 153.31
425.83 173.07
408.45 157.59
414.64 174.73
404.16 176.16
397.26 157.35
384.40 158.78
392.02 179.02
309.16 175.21
314.64 195.45
298.92 178.54
303.69 197.59
287.02 182.35
293.69 201.88
276.78 184.97
282.50 203.07
262.73 187.12
254.40 190.93
242.50 191.88
271.31 204.73
256.07 208.54
247.02 209.73
208.69 233.31
149.16 248.54
101.07 233.78
179.64 267.59
192.73 265.45
200.12 261.16
212.97 260.21
224.64 259.02
267.12 249.26
279.08 246.87
306.91 245.35
315.17 241.87
327.34 237.30
291.91 246.43
393.86 224.69
235.82 257.95
176.47 297.52
165.17 298.61
189.08 293.61
222.34 288.17
233.21 286.21
242.56 283.17
254.73 279.48
265.38 277.30
198.64 310.56
234.95 302.74
271.47 295.78
279.52 277.95
289.51 273.82
313.21 267.52
323.43 266.43
335.38 263.61
166.25 316.43
406.25 224.69
416.04 220.56
427.78 219.48
437.34 217.08
449.08 213.61
458.21 210.78
481.69 207.95
491.47 202.08
505.60 201.00
526.47 194.04
549.95 191.65
583.21 215.13
570.38 217.30
559.30 218.82
547.56 218.39
536.91 220.13
514.08 228.39
504.73 231.65
492.56 234.48
480.38 234.91
468.65 235.78
446.25 241.87
434.30 242.30
424.52 245.35
412.56 247.95
457.34 242.30
179.51 325.13
218.65 332.08
232.34 330.13
209.08 358.61
223.65 356.00
236.25 357.08
252.78 327.08
257.78 349.69
266.47 323.61
274.08 348.17
278.86 323.61
287.12 342.30
302.34 357.30
298.86 340.56
289.51 322.08
301.47 319.04
313.64 316.65
307.12 336.00
318.86 335.35
334.08 314.48
341.04 331.87
347.56 309.04
353.21 330.13
357.56 306.65
362.99 327.74
371.04 302.74
377.56 323.61
381.69 301.21
387.99 320.35
393.86 301.43
404.08 299.48
409.95 316.22
412.34 294.91
420.38 315.35
419.51 334.26
424.95 295.78
432.34 311.87
435.38 291.00
446.04 289.91
456.69 285.78
464.95 306.22
467.78 283.82
480.17 282.30
487.99 300.78
498.21 300.13
491.91 280.56
505.82 278.61
509.95 296.87
520.60 294.26
516.25 275.78
524.95 274.04
534.51 293.17
544.30 290.35
538.65 274.04
547.78 268.39
561.91 267.30
566.91 286.87
661.91 230.13
647.12 268.82
656.04 266.43
667.12 263.61
679.51 262.08
691.47 260.13
702.78 258.39
712.56 255.56
722.56 252.74
746.47 268.82
751.69 277.52
753.64 286.87
755.17 295.56
765.17 312.30
692.12 306.43
683.86 306.87
673.65 307.74
659.08 310.78
647.99 313.39
638.21 316.22
627.78 320.13
614.73 320.13
603.86 322.74
593.43 324.26
580.38 326.22
586.69 344.69
598.86 346.65
609.73 341.21
622.34 339.26
643.43 336.43
664.51 330.78
677.99 326.87
553.65 377.08
561.25 332.74
566.04 352.30
537.78 336.87
547.56 336.43
554.30 354.48
542.78 356.65
525.38 336.21
532.56 357.74
515.60 339.48
520.60 358.82
504.30 343.39
492.56 345.13
479.30 347.74
497.99 366.22
487.34 368.39
471.25 352.74
475.82 371.65
459.08 354.69
463.43 372.30
452.78 374.48
447.12 356.43
437.78 358.82
442.78 379.48
425.60 361.65
412.78 362.74
400.38 364.91
405.17 383.39
418.43 380.56
429.73 381.00
381.69 370.78
387.99 387.95
343.86 358.17
369.52 371.65
374.08 391.65
362.99 395.13
355.82 373.17
347.12 376.43
352.34 395.78
333.65 378.82
322.56 382.52
310.82 384.91
298.21 385.78
288.65 389.91
278.65 390.56
266.04 391.87
255.38 394.26
244.52 397.08
234.73 400.56
180.38 402.95
240.17 418.39
252.56 415.35
262.56 413.17
272.34 410.78
294.73 403.82
306.04 402.74
318.65 402.74
337.34 397.08
327.34 401.00
199.08 471.87
190.17 478.82
177.99 484.69
165.17 491.00
155.17 494.04
147.34 498.17
135.82 498.61
125.60 501.43