195.86 119.16
116.48 254.29
600.86 334.61
116.54 295.10
117.98 188.36
141.94 130.13
215.64 418.46
577.51 220.03
450.47 286.21
421.32 430.42
448.85 344.16
525.97 287.17
372.49 208.10
526.45 179.38
602.19 238.71
576.70 334.61
655.87 325.87
450.48 92.71
234.76 461.02
372.69 178.41
197.27 98.24
656.70 404.23
192.79 388.77
525.57 335.06
116.67 215.22
294.32 206.88
193.33 323.09
25.07 236.57
605.25 198.84
273.79 196.43
424.08 401.71
502.39 168.11
63.17 227.61
60.39 374.52
580.17 287.74
577.25 298.19
116.59 227.88
659.06 315.92
500.44 257.35
656.13 364.72
737.60 440.66
578.71 200.06
215.63 312.16
60.77 431.20
296.42 267.39
524.27 306.49
742.67 238.73
141.79 195.36
502.47 324.08
349.73 187.73
24.03 206.11
602.87 423.49
576.85 277.58
193.87 311.73
294.27 255.76
347.54 295.76
346.14 402.01
742.59 199.59
740.99 375.37
292.39 293.39
578.87 423.53
216.18 323.88
216.02 333.30
348.85 275.14
603.90 278.10
524.01 228.77
62.50 217.09
22.18 403.43
115.99 364.33
503.34 160.07
454.23 82.47
348.50 324.79
655.94 345.17
369.74 402.69
60.80 273.20
499.52 391.52
348.61 207.68
422.57 385.09
424.81 237.83
23.87 294.51
527.10 168.78
60.33 338.06
193.84 356.15
506.67 190.04
371.44 197.89
120.12 174.92
23.89 245.34
428.16 168.68
117.37 275.83
428.22 82.35
656.83 374.78
424.40 306.63
59.86 346.46
504.95 217.44
271.70 322.64
116.98 265.05
603.87 256.97
682.49 405.29
449.02 420.18
25.40 339.30
21.18 393.08
118.21 313.54
579.28 257.91
211.02 156.09
140.45 264.83
685.16 366.41
198.39 206.64
603.46 307.43
656.24 394.74
270.33 422.73
372.68 218.11
60.61 237.40
143.13 285.55
423.56 367.11
367.83 313.45
663.06 229.27
500.60 439.16
219.25 372.20
525.76 239.22
346.13 355.17
61.83 328.22
143.57 158.73
656.64 266.74
369.26 372.64
349.09 177.70
758.06 468.29
23.46 348.93
196.37 216.75
194.43 275.22
217.13 236.57
396.99 303.06
23.34 367.25
449.31 177.75
25.61 284.28
140.44 206.31
451.56 322.99
293.36 314.38
527.19 120.96
530.05 189.63
60.39 210.13
602.40 220.17
61.00 199.35
139.87 343.79
371.92 247.41
293.83 411.34
218.32 90.26
297.72 186.06
427.16 323.74
190.76 421.77
60.85 356.53
422.60 142.18
26.02 256.18
141.49 275.45
504.93 149.29
24.30 329.13
291.05 363.51
62.99 365.39
742.14 64.45
658.01 238.25
59.81 383.44
117.23 147.69
143.11 176.87
63.08 309.28
138.18 227.04
660.34 248.40
221.13 206.28
682.97 384.91
60.54 402.76
658.49 277.51
764.82 141.60
583.44 210.62
763.32 249.74
296.29 246.25
115.80 415.36
191.14 294.01
218.02 186.52
61.91 282.47
684.31 355.86
61.11 125.30
682.93 394.58
297.64 197.76
581.18 188.68
767.76 65.07
449.07 255.99
199.35 149.27
144.31 312.63
577.82 413.50
116.51 382.88
413.29 254.54
216.45 285.73
191.86 404.21
500.17 358.22
63.09 264.61
765.85 239.10
23.55 432.12
664.37 14.09
83.52 435.43
117.11 235.84
294.91 216.75
497.29 374.46
685.43 306.76
60.71 291.84
217.27 275.34
527.06 159.53
22.30 216.33
374.11 167.97
141.82 255.83
274.26 245.58
193.50 371.59
196.51 138.50
218.70 165.78
372.20 432.24
502.26 120.71
23.59 275.35
141.32 379.47
454.49 158.00
63.01 254.37
686.99 15.26
685.80 238.08
466.86 422.78
220.85 226.23
504.48 139.88
589.35 150.51
603.44 161.12
296.52 227.01
168.77 123.43
738.37 356.68
118.96 118.62
61.20 152.61
193.98 167.72
471.33 275.25
763.60 179.91
141.54 471.54
424.85 131.46
766.17 131.79
760.57 104.56
764.16 121.99
346.63 430.70
221.69 99.84
197.20 109.73
683.73 287.51
70.90 473.22
501.13 406.45
116.63 399.55
579.88 131.19
541.94 220.79
352.59 110.48
655.73 42.61
62.41 181.58
579.14 111.33
506.68 100.54
523.07 111.27
449.47 381.62
582.46 121.35
63.64 116.09
659.06 189.53
763.40 345.99
766.45 54.48
763.13 377.87
469.76 390.97
654.59 218.97
451.11 137.96
370.29 422.14
741.48 113.17
764.51 191.08
764.59 25.98
502.08 424.19
422.74 416.67
296.04 167.50
62.52 141.96
743.93 171.13
432.76 33.07
759.61 210.84
109.31 472.74
744.43 151.42
26.47 137.88
198.51 79.36
32.44 473.98
192.04 437.31
141.99 89.16
256.98 165.00
24.84 109.09
629.69 461.48
60.75 171.00
151.48 458.46
286.45 463.94
374.04 119.72
743.14 269.47
627.36 178.44
536.58 481.16
170.42 31.61
763.76 35.88
292.51 118.76
684.26 25.44
374.69 149.01
524.84 82.08
139.93 71.06
429.56 23.62
660.98 151.26
217.72 60.86
685.24 44.81
685.25 34.71
279.82 31.83
298.47 52.05
24.43 226.53
25.54 303.76
61.37 300.41
25.22 313.63
23.63 357.90
63.12 393.57
26.02 376.85
23.15 386.24
23.47 423.50
61.05 412.20
58.50 422.07
116.63 324.30
140.19 322.71
138.28 334.17
115.51 333.06
115.99 344.68
142.58 294.68
119.81 284.49
116.78 205.99
120.92 198.03
143.38 148.66
221.24 216.50
195.92 236.40
195.45 264.75
216.94 266.02
194.65 284.01
215.19 295.00
194.17 333.54
193.70 344.52
216.78 343.57
292.90 420.96
271.24 411.72
269.33 402.33
272.20 392.61
292.90 392.45
292.90 381.15
270.45 380.83
270.61 363.79
272.84 353.60
292.42 352.96
270.13 343.73
274.75 332.74
292.90 324.14
295.77 334.33
293.06 343.09
295.61 285.13
295.29 277.17
296.88 235.45
375.07 188.47
350.70 218.09
350.54 227.01
373.47 227.96
350.22 245.00
347.20 255.35
349.27 265.86
373.95 256.31
369.33 266.82
372.20 276.37
371.40 286.24
372.04 296.59
344.49 314.75
368.70 322.71
346.08 334.33
372.84 334.81
347.84 345.96
371.88 344.84
371.56 353.12
347.99 373.19
345.77 383.06
347.52 392.29
370.29 393.57
369.65 383.38
448.95 356.94
427.61 345.64
427.45 334.01
450.38 333.85
446.56 305.99
449.59 296.75
426.18 295.96
427.29 285.92
425.54 276.85
449.75 275.57
448.47 265.54
425.22 265.06
449.91 238.31
424.75 228.60
444.81 227.96
428.09 218.57
449.27 218.57
426.50 209.17
450.06 207.74
426.34 198.03
451.82 197.71
449.75 188.63
425.70 188.79
503.73 179.55
528.09 199.78
505.00 200.10
503.09 227.80
501.98 237.04
501.34 247.23
524.59 247.87
524.43 256.94
522.20 266.02
501.18 266.82
501.02 275.57
521.88 275.41
504.52 286.40
502.14 303.44
503.25 315.54
524.11 314.59
524.43 325.10
502.61 333.85
524.43 345.00
603.09 413.79
602.14 395.96
578.09 394.05
579.84 383.85
605.96 386.08
577.29 374.78
601.18 376.21
577.61 363.95
578.57 354.71
580.32 345.64
601.98 345.64
602.77 356.47
600.70 366.66
580.80 317.29
603.57 316.98
580.32 307.26
600.86 296.91
603.73 286.72
605.16 268.41
580.16 267.77
578.57 238.15
604.36 228.12
604.05 149.78
661.53 286.88
660.10 297.07
660.41 306.78
683.03 345.64
658.50 356.47
655.64 384.81
659.30 415.06