39.20 37.36
62.55 34.73
51.68 58.19
63.35 53.38
74.67 35.65
75.48 55.67
86.57 52.70
86.00 34.73
97.44 35.76
98.13 52.92
110.14 35.65
110.26 55.90
122.73 34.62
121.93 55.21
134.28 34.39
134.06 52.58
145.84 53.27
144.35 32.56
157.86 32.67
158.20 53.84
169.53 33.47
170.21 53.15
182.00 53.15
182.80 34.16
194.35 34.27
195.38 53.84
207.97 33.93
206.94 55.44
216.78 18.03
239.20 34.16
238.86 52.24
250.53 32.56
251.33 53.95
263.23 31.53
261.75 49.83
273.99 31.87
286.57 53.72
314.03 34.50
322.39 55.10
335.66 32.67
359.69 34.05
371.70 33.36
390.23 52.24
403.05 31.07
396.64 7.96
541.26 34.27
543.32 95.03
543.21 115.28
498.70 93.77
451.33 115.17
431.65 120.77
416.32 112.54
388.75 138.85
359.91 95.37
347.44 92.28
324.10 94.69
324.10 114.14
312.09 94.80
300.53 140.34
287.83 93.77
276.50 95.72
264.83 95.49
251.33 114.82
240.12 114.59
239.09 95.49
220.90 98.00
207.74 97.78
195.50 98.81
206.37 118.14
184.51 100.52
183.71 116.77
172.39 98.46
172.27 117.00
160.60 116.54
160.37 98.35
147.44 100.29
136.23 99.15
124.67 99.83
125.47 120.77
112.09 97.66
112.20 117.80
100.53 98.12
99.73 116.65
87.95 93.43
88.29 116.43
76.73 98.12
76.50 116.20
63.80 95.49
63.69 115.51
52.36 114.82
9.23 182.90
59.11 161.85
58.54 182.67
77.31 160.59
77.53 182.21
88.86 161.16
89.55 179.70
99.62 159.10
112.09 160.36
112.43 180.04
123.64 160.48
124.22 180.61
135.43 160.25
136.12 179.93
147.90 158.99
147.79 179.13
173.07 161.39
171.36 179.70
185.20 160.36
183.94 181.76
195.38 180.04
207.74 159.67
208.54 181.53
219.87 160.59
220.78 181.07
240.46 162.88
239.89 182.90
252.13 180.96
252.48 163.22
264.83 157.39
265.75 178.55
289.09 180.50
299.50 179.24
312.55 176.49
312.09 158.19
324.79 156.70
325.02 179.70
337.15 163.22
336.46 182.56
348.13 162.88
359.00 160.48
371.93 160.48
405.22 178.44
416.21 162.76
427.99 179.47
451.22 177.41
475.59 164.25
488.52 178.55
465.41 245.94
441.04 241.25
417.01 221.57
391.72 222.72
422.39 267.23
372.39 223.40
359.23 242.51
347.21 241.71
335.89 222.26
312.55 226.49
300.99 222.38
300.19 243.31
288.86 241.14
289.43 221.46
277.08 224.66
260.83 203.50
263.80 244.92
252.71 244.92
252.71 222.49
240.46 245.49
222.39 244.69
222.84 225.69
206.94 244.23
196.64 243.54
196.53 224.43
185.89 226.27
184.97 243.31
174.79 224.78
173.07 245.26
163.35 224.21
161.74 245.37
139.55 225.58
138.06 243.43
125.13 224.09
125.47 243.66
113.92 222.95
113.69 243.31
101.33 220.66
101.10 242.63
89.78 224.55
89.32 243.31
75.59 221.12
76.96 242.63
57.74 221.92
60.14 243.54
8.20 279.24
26.85 312.19
86.34 285.42
85.77 320.09
106.71 288.97
109.11 326.95
127.42 287.13
127.88 323.29
144.24 287.36
143.21 322.83
163.23 286.79
160.72 322.37
189.55 288.85
200.53 288.51
212.77 288.97
225.25 287.25
210.83 320.77
236.69 286.11
248.70 288.51
260.37 287.71
272.04 287.48
272.73 325.58
283.48 285.42
296.30 320.20
308.43 289.65
319.07 289.19
331.77 286.33
320.90 322.83
344.24 318.83
368.95 286.79
400.53 285.53
402.59 319.29
439.78 286.33
462.78 287.36
428.56 318.60
440.23 319.29
689.89 382.56
630.39 381.41
525.36 363.11
393.78 387.59
373.19 381.87
313.69 387.82
289.55 386.91
276.50 385.08
259.69 381.99
210.94 369.74
210.03 388.28
198.70 387.48
198.47 366.88
187.37 384.39
199.39 412.99
174.90 368.03
175.93 386.91
163.12 371.12
162.55 391.25
150.88 369.29
150.53 388.16
125.59 385.65
125.13 367.68
113.58 365.97
113.58 386.79
101.79 367.11
100.99 385.88
89.78 364.82
90.35 384.62
76.96 368.94
78.56 386.22
61.75 367.11
60.14 387.13
27.19 397.55
58.88 428.10
61.06 449.49
78.11 428.78
78.56 450.52
90.46 431.53
89.89 451.55
102.48 430.73
101.91 451.44
114.26 451.21
126.16 430.38
125.93 448.58
139.09 428.78
138.98 449.84
151.79 431.07
150.99 451.67
164.49 449.26
163.80 430.16
187.49 432.33
199.16 432.56
187.03 452.81
199.85 450.98
211.97 431.87
222.39 433.24
223.19 453.15
254.19 431.64
254.42 452.01
277.31 450.64
301.56 448.46
338.75 430.84
338.98 451.55
362.89 429.70
364.83 449.38
393.78 430.38
395.04 449.72
617.47 446.75
654.65 444.34
666.55 447.20
677.65 425.92
689.66 445.60
690.35 493.20
689.66 510.36
676.73 493.43
653.62 490.57
477.76 492.28
395.84 509.56
514.49 509.10
345.38 495.83
323.42 493.66
286.57 494.46
276.62 512.76
265.06 493.20
264.26 512.08
253.39 492.74
252.59 513.45
216.55 496.75
204.08 495.60
204.65 515.05
191.72 494.92
192.52 515.74
180.62 494.34
169.75 496.29
170.21 516.20
146.30 512.19
135.89 495.72
135.77 516.20
124.33 492.97
123.76 513.79
113.00 513.22
101.10 493.54
89.43 493.54
89.43 510.48
77.88 495.03
77.88 512.42
61.52 487.82
61.29 512.76
9.00 581.30
64.72 559.10
64.26 577.07
76.73 575.92
77.31 556.81
88.86 558.76
99.16 576.61
101.91 558.87
111.29 558.42
111.63 577.87
122.04 559.56
122.61 577.75
133.48 558.07
133.94 576.95
145.73 556.70
145.61 576.72
156.83 578.10
157.97 557.84
168.95 557.73
181.88 559.33
192.75 559.10
242.18 555.44
256.25 559.33
277.08 558.42
294.93 572.03
311.75 558.65
345.04 557.73
357.05 560.48
322.39 619.86
297.33 700.52
265.98 704.64
266.09 681.87
242.29 684.39
242.87 704.87
204.19 623.63
192.64 643.66
157.05 615.85
145.38 620.77
134.51 620.77
112.55 639.77
100.30 622.15
88.98 620.54
78.56 639.88
66.44 619.51
65.64 638.28
54.08 641.83
29.25 645.37
76.73 659.22
61.29 682.10
79.37 700.52
89.89 702.47
101.68 704.53
113.69 685.30
125.70 684.39
125.25 705.90
170.56 703.84
203.39 706.24
91.38 745.94
123.64 745.14
67.35 746.40
28.79 743.20