616.53 234.89
577.03 645.67
638.40 490.69
446.57 382.81
637.47 438.83
441.82 396.93
227.77 454.41
147.43 760.23
555.99 542.44
486.97 422.10
319.85 427.12
580.29 449.22
614.35 271.31
156.39 398.08
270.09 486.16
614.93 250.58
579.94 555.17
486.99 398.48
416.60 443.27
208.10 400.80
374.75 393.68
193.45 740.32
266.76 764.24
615.28 240.12
138.48 548.87
594.46 98.60
411.78 586.78
368.76 414.32
591.16 291.47
138.37 389.06
613.62 291.78
297.95 484.55
557.61 501.68
208.68 431.13
461.45 357.57
483.57 581.67
556.64 511.73
619.07 46.63
368.76 424.94
276.13 432.33
301.71 405.55
557.55 448.79
206.90 411.61
276.11 394.35
440.39 433.63
271.99 470.77
438.60 578.80
395.72 456.22
389.00 423.12
580.48 512.22
559.54 481.48
598.85 113.13
618.69 196.17
580.47 582.52
66.16 395.05
618.82 167.09
208.20 450.88
557.14 436.76
491.19 665.47
637.80 449.31
416.25 421.32
193.33 751.92
210.94 389.30
568.31 247.63
294.17 515.63
132.45 440.38
344.45 487.12
365.42 559.82
637.62 459.83
412.42 524.42
633.86 521.99
274.87 410.07
227.80 472.36
618.89 122.56
597.03 123.79
298.68 421.01
346.50 433.30
637.33 421.73
415.29 578.46
563.99 338.38
557.05 562.80
64.80 426.55
433.59 615.36
618.41 58.56
342.85 538.43
533.10 457.56
344.61 556.84
389.34 597.62
134.39 460.40
556.70 458.35
515.23 407.19
301.52 368.27
634.38 511.53
350.88 386.60
227.88 412.55
134.25 429.24
641.58 409.84
415.38 618.10
344.92 446.69
595.92 78.98
592.02 270.76
205.77 464.05
86.81 429.88
275.69 421.08
595.70 144.27
463.34 532.32
88.92 416.12
135.31 408.02
559.62 411.52
595.10 219.80
157.78 471.81
538.90 358.54
620.87 156.28
552.52 581.64
553.33 602.77
86.86 397.19
550.49 642.29
615.96 133.50
228.98 432.34
592.36 249.59
552.16 623.11
434.18 596.33
547.02 375.99
595.64 156.16
593.45 207.88
298.26 387.58
633.04 536.19
200.20 476.90
508.81 589.30
276.53 564.55
150.10 528.88
293.03 532.54
367.43 608.59
506.45 611.75
592.00 259.89
158.85 408.73
591.67 281.59
143.21 570.72
346.38 407.93
342.96 580.22
63.70 448.15
362.24 581.82
198.42 760.82
556.58 696.47
202.24 503.71
62.12 461.20
144.87 748.90
485.92 610.03
135.13 600.50
605.47 573.16
266.09 750.27
132.99 492.34
132.34 511.42
148.76 624.67
204.45 524.32
60.33 551.99
617.91 382.78
617.74 208.45
614.41 216.59
597.93 187.33
591.82 194.93
594.41 227.52
595.70 240.11
613.48 281.22
613.85 301.78
592.00 314.74
591.07 323.07
589.22 332.33
589.78 357.52
642.74 398.63
638.48 429.19
577.93 563.44
580.15 520.67
578.67 500.30
580.89 490.85
579.96 479.93
579.78 470.85
580.52 459.00
579.22 437.70
583.11 424.37
583.67 400.48
559.96 427.15
557.74 469.37
558.67 490.48
502.00 563.26
486.44 559.56
489.22 546.59
508.48 529.56
508.30 518.26
507.56 507.70
507.37 489.00
507.37 480.11
510.70 466.96
507.56 456.59
513.30 445.85
508.85 438.07
509.78 425.30
486.81 436.22
489.22 446.59
493.48 455.30
489.96 467.52
490.15 476.59
486.81 489.00
489.04 497.89
486.81 517.52
485.52 529.56
487.93 539.00
482.18 571.41
439.78 568.26
438.67 558.07
437.74 545.67
437.56 534.00
440.89 515.67
442.37 507.15
440.15 494.74
440.15 481.78
437.19 464.19
442.56 454.19
439.96 442.89
417.37 404.19
418.67 431.59
417.00 454.74
417.37 474.00
417.19 484.93
415.70 494.93
416.26 504.93
409.04 512.33
417.00 536.22
414.59 546.96
416.07 558.82
416.26 567.52
315.70 761.22
364.96 569.93
367.00 546.59
366.07 528.26
366.81 518.07
368.67 506.78
368.67 497.15
364.96 488.44
367.74 476.59
365.89 466.04
366.63 446.59
367.56 435.67
348.48 454.56
346.26 474.00
348.67 504.19
348.11 515.48
347.93 525.48
295.89 504.19
298.67 494.56
296.07 472.15
298.11 462.52
298.85 441.22
297.37 430.85
277.37 441.59
276.07 453.63
252.00 401.04
229.04 421.41
230.52 440.30
229.41 399.56
133.30 522.89
159.96 419.19