228.91 213.82
537.64 428.11
430.81 146.44
968.10 230.26
1029.54 501.49
872.00 456.99
547.16 331.60
428.79 286.55
836.67 397.45
512.02 379.30
576.05 237.56
964.79 491.98
386.88 363.78
492.75 391.55
1030.82 512.63
708.22 262.02
815.50 409.25
790.26 297.03
581.50 340.78
378.27 352.28
634.93 189.86
779.53 128.21
463.87 444.15
754.99 335.66
290.80 455.65
934.53 577.00
329.83 519.87
272.17 427.62
464.91 156.41
364.37 324.54
793.18 155.21
792.89 393.77
894.61 445.23
828.59 733.33
441.57 411.23
448.16 421.98
800.18 539.62
656.70 363.62
792.85 417.48
294.13 500.21
449.09 178.52
520.75 435.60
258.28 446.57
265.79 455.35
814.31 382.44
586.11 209.22
624.42 274.53
422.55 420.68
838.66 220.06
932.29 704.51
871.16 237.92
487.92 380.18
441.29 456.22
273.34 476.61
838.83 467.17
747.26 175.18
809.70 558.01
455.25 435.13
870.09 653.35
444.89 270.33
736.37 415.89
733.19 345.22
515.85 385.57
371.97 198.95
678.65 356.52
568.76 228.92
326.49 223.92
799.98 563.77
315.92 248.94
563.74 219.93
847.60 392.77
803.16 412.05
358.03 224.43
518.57 146.70
466.47 534.06
828.97 449.94
780.62 395.89
217.71 474.61
961.62 323.42
362.03 314.51
689.98 370.77
493.56 106.91
718.10 279.39
880.90 378.16
725.74 420.62
360.68 422.13
622.97 311.66
374.98 206.35
965.94 468.07
861.68 460.00
527.68 256.56
266.59 271.73
380.73 214.94
850.04 464.21
738.14 306.85
787.70 287.48
715.17 317.24
290.48 213.05
689.83 232.62
727.91 336.04
875.62 96.87
891.15 121.95
920.41 507.90
534.12 310.54
88.90 802.56
714.79 427.95
912.64 162.60
397.93 534.80
395.53 333.68
912.39 513.88
400.91 203.66
66.76 642.67
812.46 289.07
938.18 355.80
386.49 318.34
1034.21 462.14
388.83 328.45
808.83 323.21
446.71 315.33
777.54 267.68
789.02 544.57
803.62 389.86
162.30 916.78
869.66 276.65
930.46 504.23
407.77 351.92
652.96 316.55
885.72 452.15
712.83 167.24
421.04 129.94
490.21 100.13
822.41 552.79
853.92 535.29
880.54 671.40
854.14 514.08
769.15 214.70
849.30 372.28
836.67 372.24
376.72 345.33
346.77 584.38
288.56 492.39
880.13 353.94
851.12 441.82
45.55 655.95
435.08 297.60
1050.17 340.22
764.22 205.69
926.63 361.39
271.38 465.02
441.75 305.44
1045.29 385.19
166.34 605.75
972.84 774.26
1031.26 484.83
827.72 380.03
366.61 576.53
811.94 537.56
969.57 341.42
282.91 482.43
914.99 365.93
517.34 425.25
68.68 767.03
404.12 494.58
243.44 522.11
882.09 292.40
616.63 300.35
1044.19 405.48
594.27 367.56
106.94 626.57
790.83 246.91
863.89 125.28
322.80 302.11
806.10 129.00
923.99 558.66
748.44 327.56
261.69 549.63
944.66 252.74
1027.41 533.35
644.18 301.47
802.95 464.83
1033.88 448.38
348.18 348.03
377.64 572.01
177.08 595.62
572.57 90.13
307.14 602.26
792.94 492.94
391.90 370.64
1046.02 367.32
525.46 397.35
361.98 517.50
573.81 377.70
382.77 457.55
1052.01 329.44
307.71 189.78
655.88 216.12
242.23 230.36
1027.89 523.66
512.50 135.64
971.61 389.54
544.68 44.84
121.45 619.67
586.71 113.70
761.61 408.24
117.20 713.69
297.28 320.76
834.62 173.94
937.97 403.76
911.52 795.81
305.71 519.64
326.34 512.30
286.35 611.87
1053.66 312.30
347.03 300.70
865.63 270.83
628.70 319.43
770.52 403.04
365.36 143.37
258.23 538.90
730.87 196.04
423.57 280.69
296.99 465.93
221.61 198.96
279.42 100.36
473.01 315.98
866.76 511.89
1028.77 229.22
588.17 357.99
828.12 629.23
500.25 120.78
471.70 164.68
530.95 406.64
666.99 373.66
388.54 219.25
646.60 207.50
926.48 632.78
287.33 156.16
768.25 478.08
800.75 266.76
261.90 170.64
561.55 70.71
426.97 383.44
948.80 351.32
822.82 529.89
736.54 203.83
526.39 444.44
889.44 501.23
804.25 487.73
747.40 409.89
413.77 364.63
740.36 352.10
504.24 267.87
196.41 583.42
833.85 526.25
549.77 294.86
310.29 239.00
450.21 280.63
353.74 413.30
199.81 160.29
462.57 296.83
612.63 255.62
462.56 341.91
564.77 368.69
863.50 438.80
559.22 350.29
633.36 327.98
481.31 179.99
651.28 357.29
682.68 322.48
621.46 264.86
641.87 197.82
366.35 431.48
931.26 480.04
399.42 485.28
376.77 449.19
128.28 867.38
823.61 727.14
980.61 313.93
897.83 721.19
303.06 330.30
903.80 144.11
917.74 206.42
451.66 325.40
882.70 701.39
866.27 532.22
591.99 218.44
671.43 344.90
894.15 668.72
663.35 232.72
663.93 188.18
492.51 250.63
588.93 264.63
448.46 466.18
951.53 263.90
179.98 944.58
916.62 341.73
88.30 636.47
251.00 530.68
856.65 336.91
884.38 255.01
330.44 234.14
819.78 295.85
893.85 647.29
665.67 283.85
841.39 444.63
647.20 346.96
255.87 250.98
324.80 367.76
753.29 185.09
903.45 570.65
549.79 340.98
318.47 207.73
603.49 237.02
914.62 476.09
173.35 934.54
241.08 511.44
319.16 357.71
349.18 165.00
936.13 554.66
371.57 440.48
404.60 391.97
904.92 346.59
343.79 393.80
436.07 401.71
499.52 397.63
948.45 551.41
1008.29 668.46
605.49 385.41
1020.34 576.04
1024.94 542.94
586.07 395.50
807.10 699.13
944.09 475.97
509.67 415.81
669.16 243.64
847.39 760.92
536.94 415.38
187.22 590.12
955.52 473.30
801.70 687.14
891.43 349.73
133.02 614.69
307.77 338.26
1021.67 558.84
962.38 549.84
923.28 733.83
247.56 428.46
354.96 172.13
900.16 496.61
901.74 521.24
221.71 484.41
948.46 326.97
567.71 322.32
1011.19 649.57
951.37 399.86
970.86 317.93
336.35 384.99
366.38 188.63
883.16 650.87
54.54 648.02
911.68 563.60
315.13 347.58
96.46 816.90
75.32 637.94
909.08 712.05
905.10 641.59
392.40 474.09
315.06 196.37
334.04 240.16
395.53 191.99
435.68 155.85
462.69 189.43
528.02 159.69
474.91 66.99
97.36 627.93
142.61 608.59
153.38 605.49
186.41 651.66
199.55 648.19
207.58 642.90
217.80 638.15
226.55 634.50
237.69 630.31
246.99 628.30
275.83 612.79
296.63 605.12
316.52 598.01
327.10 591.26
337.14 587.61
357.94 580.85
340.61 560.23
428.56 548.56
439.15 543.45
456.66 537.79
483.85 524.47
160.68 438.34
196.63 446.55
206.48 450.38
208.67 464.80
253.93 435.96
300.09 508.23
310.31 525.93
268.71 417.72
280.75 436.69
283.31 443.99
303.56 471.55
308.49 479.76
314.33 489.98
321.26 498.19
329.84 375.75
409.58 445.64
455.39 472.83
432.39 434.32
371.63 336.33
354.47 307.13
374.37 299.10
381.12 306.77
398.64 342.53
452.47 428.12
469.80 453.12
476.01 463.34
502.83 404.76
482.21 368.08
417.07 270.45
437.69 257.50
459.04 287.61
471.26 304.76
480.39 324.83
457.39 332.31
500.46 355.49
507.76 366.99
546.08 434.69
596.45 410.78
591.70 400.93
578.93 383.41
524.91 296.55
500.46 256.58
487.50 239.61
531.30 265.16
553.01 302.20
599.18 375.75
613.60 392.53
618.34 403.12
670.90 379.94
639.33 335.23
605.75 283.59
597.36 270.45
561.23 208.41
581.85 199.65
640.24 287.61
649.55 308.96
607.21 245.82
595.53 227.75
683.12 362.24
721.63 325.56
708.85 305.67
698.63 286.88
693.16 278.48
686.96 269.72
677.10 250.20
654.84 177.57
667.25 196.91
674.00 204.94
703.20 214.07
716.15 270.09
733.12 298.01
744.44 316.99
760.86 343.45
803.93 313.88
798.09 303.48
825.46 305.85
829.29 314.61
780.57 274.10
764.33 248.19
780.02 233.77
757.21 241.07
740.97 212.06
726.92 147.46
876.74 283.59
901.37 282.50
862.69 218.63
805.20 174.47
800.83 117.53
1049.73 197.64
1042.61 415.16
1040.79 422.10
1038.78 431.22
1040.79 440.16
792.80 669.72
784.04 660.60
784.40 625.20
803.93 621.37
812.87 607.86
910.13 738.52
960.68 775.74
905.75 663.88
928.01 654.58
939.88 648.19
918.34 639.43
914.69 585.42
924.18 580.85
946.99 570.64
832.39 546.55
842.80 541.07
955.20 495.27
772.91 518.08
781.48 493.63
775.82 467.35
874.00 433.77
920.72 417.17
929.84 433.04
938.96 426.48
953.02 423.56
958.49 445.45
981.48 335.78
892.07 373.37
858.67 387.24
824.73 400.74
782.58 420.45
771.81 425.93
759.40 428.30
747.18 434.69
736.23 437.42
726.37 445.64