115.81 8.90
129.39 9.38
145.38 11.66
187.69 14.79
123.26 56.01
114.97 74.64
131.44 75.25
143.58 74.40
147.54 57.82
158.84 75.00
171.46 77.41
176.03 58.78
188.89 59.38
183.72 76.09
199.22 79.21
204.27 62.26
214.61 81.01
337.21 29.09
363.89 31.13
458.00 82.94
422.78 158.42
427.47 213.11
384.56 195.20
355.59 187.50
352.83 207.10
327.35 207.10
333.96 149.64
323.14 129.69
309.20 129.21
308.84 147.24
309.56 202.65
288.17 184.02
285.40 203.73
276.15 185.10
269.06 203.25
262.57 183.54
291.41 150.49
295.62 129.09
280.59 127.17
280.84 144.72
266.17 144.24
247.78 126.57
235.76 140.63
236.60 122.00
221.34 139.07
209.08 121.40
194.54 120.44
180.23 118.03
165.69 118.03
157.04 111.54
194.06 138.83
182.76 136.18
164.85 137.02
151.03 134.74
115.57 108.66
98.50 130.17
119.78 131.25
93.94 168.51
112.33 168.15
110.76 191.11
91.65 206.74
146.46 174.04
161.12 172.36
174.58 175.13
188.29 177.77
202.11 179.69
217.25 180.77
230.11 179.81
242.73 202.05
198.38 193.63
168.82 193.63
157.52 192.55
143.70 192.07
92.49 226.69
94.06 243.63
110.88 225.73
108.84 244.84
124.34 227.41
123.86 246.40
138.29 228.73
150.07 231.86
136.60 247.96
154.63 244.96
166.05 248.92
179.75 232.34
210.40 234.02
264.73 220.56
193.09 251.21
206.68 252.77
220.26 257.70
231.92 238.35
252.71 257.46
277.23 245.68
293.94 244.00
278.79 261.42
292.49 264.07
308.12 245.44
353.31 232.46
321.10 263.59
424.10 272.84
547.54 270.44
299.83 300.73
274.71 300.97
263.41 301.09
284.56 359.50
296.94 360.82
334.08 363.47
406.20 369.84
436.00 370.92
248.45 299.45
256.52 316.86
217.44 296.13
202.09 296.29
185.32 292.81
194.66 310.05
183.26 309.42
171.08 289.64
157.32 289.01
144.50 285.37
129.62 284.90
140.70 301.98
124.40 304.04
169.18 308.79
105.73 341.70
117.92 344.55
133.42 344.86
146.24 347.87
159.85 348.35
174.25 349.61
186.75 348.66
202.25 350.88
215.54 352.30
228.36 353.57
253.20 398.98
97.66 417.81
117.28 418.28
130.26 421.13
145.77 421.92
159.37 424.29
173.14 425.88
186.90 426.35
199.72 427.62
213.17 428.57
228.52 429.67
242.44 428.73
270.76 431.41
283.58 433.00
295.92 435.21
338.96 438.06
378.52 444.71
391.33 446.29
407.31 445.34
444.18 449.61
499.72 455.94
567.44 453.41
428.04 503.09
509.06 553.41
339.12 483.00
322.19 478.25
266.97 471.92
251.46 467.65
248.93 486.79
270.29 531.57
241.97 531.89
347.82 547.71
243.07 546.92
225.51 527.78
213.17 543.76
196.71 524.29
183.58 522.40
151.62 523.82
137.38 541.07
137.54 521.60
124.88 538.06
125.04 519.71
100.51 515.43
111.43 535.85
84.53 515.91
72.35 513.85
71.24 531.73
56.52 529.83
54.78 513.22
99.88 461.00
119.66 460.53
136.27 462.11
96.87 481.26
151.46 463.06
164.12 464.17
177.25 462.59
205.26 488.38
195.61 468.91
185.64 485.05
172.98 482.84
159.69 482.21
148.14 482.05
49.09 567.81
59.21 587.59
67.60 569.39
78.68 571.45
105.10 576.98
119.34 576.04
133.90 576.98
160.64 578.88
174.72 578.25
207.79 586.79
186.75 601.35
78.68 630.94
125.83 648.82
150.83 637.59
153.04 651.98
173.93 648.98
201.30 654.67
223.61 649.61
138.64 694.23
338.64 605.78
273.61 706.73
287.54 707.36
328.20 713.22
819.81 454.04
890.86 456.57
647.19 332.36
781.05 232.21