34.50 25.74
33.83 33.66
35.16 45.87
34.00 63.52
35.48 73.43
63.21 81.35
67.17 115.17
34.33 92.40
34.99 100.32
34.50 109.73
34.33 128.54
32.35 147.85
33.50 119.46
33.50 138.28
33.01 190.59
32.51 198.84
33.34 208.57
31.19 218.97
32.18 227.22
33.17 245.21
32.84 263.69
32.51 282.50
89.61 262.70
126.08 290.26
126.90 308.74
125.91 271.77
126.74 264.02
127.07 251.64
128.22 243.72
126.41 234.15
126.74 225.08
128.55 215.01
128.88 206.76
92.42 205.77
93.57 215.34
92.09 224.58
95.06 234.32
92.75 242.24
92.58 252.14
91.43 191.91
91.76 182.01
93.41 155.27
95.06 147.35
92.25 137.78
92.58 129.53
93.41 119.46
95.39 110.55
94.89 101.97
95.55 91.91
93.90 82.17
92.91 62.86
93.74 54.61
92.75 45.87
95.06 35.64
96.05 25.41
126.24 8.08
133.67 30.19
132.51 73.10
128.72 109.23
127.56 118.64
135.65 138.28
125.75 147.02
129.21 158.08
126.74 191.08
178.55 313.19
182.18 302.63
202.48 294.38
184.33 285.31
181.03 266.00
179.69 240.54
204.07 238.61
204.48 230.07
183.55 229.65
202.69 221.66
203.38 212.16
208.20 201.69
183.96 201.97
180.79 213.26
183.82 193.84
182.03 147.15
179.97 137.37
181.62 129.65
183.27 119.87
184.65 111.20
185.89 101.97
186.85 92.74
205.86 148.66
203.80 139.85
206.83 129.24
205.86 120.15
206.83 112.16
206.96 102.38
207.51 94.39
185.75 75.38
186.30 64.64
187.40 55.82
186.44 44.39
186.99 35.58
208.89 36.13
207.10 44.80
211.92 54.58
210.68 63.40
207.24 74.01
252.69 54.45
286.03 94.67
286.03 119.87
260.55 120.56
260.41 129.52
283.55 139.02
259.44 148.52
281.07 148.66
282.31 158.17
259.03 166.02
261.92 193.70
282.72 193.29
260.27 202.93
260.68 211.75
260.41 221.80
257.38 230.07
259.03 240.26
283.13 258.85
262.06 266.16
263.44 279.10
279.55 295.91
356.69 287.50
356.55 269.05
357.10 258.72
356.41 236.68
382.17 240.81
362.75 214.50
335.20 214.23
336.30 203.48
334.10 193.57
358.34 204.17
337.68 158.30
380.24 149.35
338.09 148.66
339.06 139.43
359.99 139.43
338.09 129.38
338.51 121.53
339.33 112.30
340.16 103.48
339.88 93.98
339.20 85.85
339.47 64.78
338.51 57.89
342.50 36.95
362.20 37.37
363.02 47.01
367.71 57.48
360.41 68.77
361.51 84.34
361.78 93.84
361.10 102.93
360.55 113.54
360.96 121.94
360.41 130.07
417.16 38.88
417.43 47.01
419.64 55.55
419.50 66.43
419.50 75.93
421.43 85.44
418.40 95.08
420.05 104.45
416.19 113.54
419.64 133.10
418.12 142.46
417.85 150.59
421.29 159.13
459.86 50.18
476.25 35.71
459.72 59.27
457.65 74.97
458.48 88.47
455.72 100.18
456.55 112.99
495.12 115.05
458.20 149.76
456.83 160.65
448.84 194.80
416.19 194.80
413.02 209.41
414.82 220.15
450.90 210.09
449.39 220.84
449.11 228.55
451.87 237.64
415.64 237.09
412.75 246.60
415.37 264.50
414.13 283.65
450.77 263.40
511.92 274.97
513.71 258.44
510.96 239.02
509.99 228.96
513.16 220.29
511.51 212.44
538.92 210.78
542.23 231.44
538.78 198.94
595.53 197.01
622.67 187.92
595.81 207.20
673.49 208.58
597.32 280.20
619.22 290.40
693.33 273.73
670.60 309.13
614.26 318.22
517.71 151.14
517.02 141.91
515.50 132.55
516.74 124.83
516.74 105.27
515.92 86.54
512.47 68.63
514.68 57.89
515.92 49.07
542.36 31.72
541.67 38.74
542.78 49.63
540.30 59.82
543.33 68.91
543.47 86.54
543.19 94.12
542.78 103.62
541.81 114.78
542.91 125.52
542.91 143.98
542.50 152.66
598.70 40.95
597.87 49.49
598.01 57.75
602.42 69.46
599.66 87.92
599.25 96.18
598.29 105.41
601.73 114.78
598.97 124.14
622.80 125.11
599.11 132.55
602.69 144.53
600.21 152.52
600.49 162.30
622.67 142.74
621.29 151.83
620.19 162.16
622.53 59.41
624.59 71.11
623.35 41.64
623.91 31.31
678.18 22.35
698.42 14.64
698.70 25.38
701.87 34.06
702.14 43.57
677.90 33.37
678.73 42.74
671.70 51.14
698.01 53.07
675.28 61.20
700.35 62.02
698.42 70.15
695.67 78.83
674.87 69.87
675.15 79.79
695.26 89.57
674.73 97.70
695.81 106.79
674.04 115.88
673.49 125.38
698.97 125.52
674.46 152.52