55.16 138.97
36.38 248.89
14.00 194.56
58.04 256.66
59.13 267.49
60.39 286.62
40.35 336.26
58.22 344.38
42.16 356.47
60.21 355.75
81.51 425.61
94.51 423.26
116.03 403.06
116.51 374.98
114.61 366.78
111.93 349.90
112.72 337.76
111.93 325.77
149.00 383.81
149.00 294.70
113.82 285.55
112.09 267.57
110.04 249.11
148.84 227.35
145.21 253.53
148.84 265.83
148.68 315.04
110.67 167.88
199.31 118.83
202.31 148.95
199.79 169.46
200.58 187.44
233.70 168.35
236.38 179.24
237.33 187.60
237.96 196.59
236.85 206.68
238.43 215.67
239.38 228.13
202.31 204.63
202.15 214.57
194.11 233.18
243.00 276.24
241.27 264.73
207.99 305.42
242.53 306.05
239.85 294.85
242.06 316.46
206.41 315.04
206.88 326.08
241.74 324.03
242.22 332.71
204.83 334.76
204.52 345.17
241.11 342.01
205.78 375.29
203.57 385.55
209.09 403.21
243.16 409.84
244.42 423.56
207.99 412.52
208.30 424.03
241.58 374.66
316.51 398.80
313.82 380.97
293.00 370.56
315.88 370.41
294.11 361.26
283.54 350.06
293.48 342.17
293.79 333.97
294.42 324.35
312.72 322.93
310.83 332.55
312.09 341.70
314.14 353.21
316.66 361.57
340.32 365.36
290.80 292.17
313.98 292.17
332.28 274.98
291.11 283.50
289.06 271.82
290.01 263.62
289.22 254.63
288.27 244.22
311.30 283.02
310.35 273.09
309.41 263.62
311.77 256.05
310.67 245.33
310.51 233.97
288.27 225.14
287.80 215.83
289.53 206.68
291.58 195.17
268.87 199.11
265.72 163.31
264.30 117.72
310.99 223.88
311.30 214.88
312.72 205.74
311.30 195.33
310.83 165.20
290.64 165.83
287.48 146.43
311.14 147.06
313.04 156.53
286.54 116.78
286.06 106.68
310.35 107.94
309.09 97.53
270.29 66.94
296.95 33.02
162.88 53.53
375.65 28.61
355.46 37.76
372.50 45.33
252.78 34.13
264.30 34.60
308.93 33.18
374.87 60.00
356.25 67.88
376.92 85.39
356.25 95.01
374.55 105.74
357.83 156.05
357.83 165.52
356.73 174.98
378.81 174.19
378.97 184.60
356.41 185.07
356.25 193.91
357.36 203.21
356.41 212.68
356.73 222.77
379.60 194.22
378.02 203.37
382.28 213.78
379.44 225.14
357.99 262.36
358.78 280.34
361.14 289.18
349.94 301.32
382.28 259.52
379.91 271.98
381.65 282.87
397.11 293.59
381.33 300.53
380.07 311.26
361.30 312.20
363.04 323.88
353.73 346.43
361.62 357.47
361.46 370.25
360.20 379.40
363.19 397.22
365.56 410.78
385.59 381.29
383.23 371.83
383.38 363.31
383.38 350.85
382.44 319.46
443.95 35.71
438.90 98.01
426.60 115.20
423.60 133.50
424.71 64.41
446.95 134.76
445.05 153.69
447.58 169.30
425.50 173.24
446.16 194.38
427.86 202.74
448.68 202.58
428.18 213.15
428.34 221.67
428.49 232.24
428.81 242.01
430.07 250.85
429.75 259.68
427.39 269.62
425.65 280.03
426.92 291.38
446.00 211.89
447.58 221.67
448.52 233.18
450.42 242.80
450.42 251.48
451.99 260.94
474.39 281.76
448.52 269.30
448.84 280.50
429.44 321.51
431.17 330.97
431.49 339.65
431.81 349.27
431.49 360.15
432.75 369.14
432.12 379.08
426.44 389.96
434.33 418.36
427.39 397.22
454.20 408.42
452.94 398.48
454.20 387.60
453.10 377.35
451.99 369.14
452.15 360.15
451.99 350.37
451.68 340.75
452.47 331.29
451.68 320.09
534.01 22.14
513.51 44.70
508.46 56.05
497.10 73.24
492.53 94.38
515.40 112.68
497.74 133.81
517.77 133.02
496.79 142.64
496.00 151.64
498.68 163.31
497.89 171.51
497.74 182.71
497.74 204.16
498.21 212.36
497.42 223.88
516.03 142.64
516.35 154.00
521.24 163.15
517.45 172.14
517.61 181.92
518.87 193.43
518.08 202.74
519.50 213.15
519.82 222.30
549.31 232.08
541.90 247.38
498.84 259.21
498.21 269.30
519.98 258.58
519.03 268.04
520.45 278.45
522.50 289.96
519.82 298.48
548.05 296.59
519.98 309.68
519.35 319.77
521.87 327.35
523.92 339.49
497.26 287.60
496.00 301.00
499.94 309.36
500.73 319.77
498.68 328.29
498.84 339.18
500.58 368.83
502.78 377.66
501.84 386.34
502.15 397.85
521.71 366.15
522.34 378.13
524.23 387.60
523.29 395.96
591.74 394.06
618.24 374.19
617.93 347.69
617.77 297.85
570.45 377.35
592.85 376.87
569.19 365.04
569.98 357.16
569.98 347.22
567.61 336.97
569.03 326.71
569.03 317.25
568.40 307.79
567.29 298.01
585.75 298.48
588.43 306.21
586.38 314.73
588.27 328.29
589.53 336.02
590.80 347.06
588.43 355.11
589.38 366.78
569.34 278.76
569.82 268.20
568.40 258.89
570.29 250.69
568.56 238.07
569.98 230.34
569.66 221.19
569.50 210.78
567.45 200.69
588.43 201.79
589.38 210.47
588.90 221.04
586.85 228.45
590.01 239.81
589.85 251.16
589.85 259.84
589.69 269.93
588.75 278.76
564.14 23.09
565.40 43.75
585.43 62.99
565.56 92.80
586.22 101.32
586.06 110.78
561.93 102.58
564.77 113.78
566.19 123.72
565.40 133.02
566.51 142.96
569.03 151.95
568.40 162.20
568.71 171.19
585.28 139.81
586.06 150.69
589.06 166.78
647.74 49.74
632.91 62.68
633.86 72.93
675.65 72.61
633.70 90.44
722.97 79.24
725.34 98.95
773.13 88.54
777.07 128.45
771.87 146.75
704.20 129.24
709.57 165.67
657.36 149.59
634.01 160.15
634.80 169.30
635.12 179.71
656.41 167.88
656.88 188.86
681.17 202.11
637.80 198.80
634.80 210.47
654.52 210.31
635.75 255.11
657.67 255.58
635.28 266.62
637.33 276.24
638.11 287.76
636.38 298.01
638.43 307.63
658.15 265.36
658.94 275.93
659.09 295.96
658.78 308.42
642.69 348.01
638.43 315.67
659.09 315.52
641.90 357.31
641.27 365.99
638.43 376.56
639.53 390.28
639.22 403.53
660.04 374.66
660.51 367.09
660.35 356.37
664.46 345.64
711.46 413.78
711.62 405.58
729.91 413.62
731.65 402.90
730.07 392.96
730.39 382.39
732.28 373.72
732.91 364.41
712.09 363.15
712.56 374.51
712.25 355.74
729.60 354.16
708.15 345.33
727.55 344.22
707.83 334.76
730.23 334.76
708.15 325.14
727.55 315.99
706.41 314.10
729.76 325.77
706.88 265.67
728.65 264.10
711.46 245.80
703.73 234.60
704.83 216.78
725.81 216.94
728.97 205.89
706.88 196.90
725.18 186.81
777.55 203.84
835.12 195.48
845.69 253.69
848.21 273.88
848.52 301.16
849.79 320.09
849.63 341.23
852.31 390.75
850.73 409.21