20.27 430.79
460.17 775.57
887.99 52.14
806.49 602.90
144.03 625.38
567.18 374.00
721.08 610.09
116.97 669.10
21.19 315.82
352.92 603.74
261.63 572.04
854.96 444.34
382.04 742.18
869.86 214.76
141.98 615.11
940.51 219.32
210.82 741.12
222.61 742.21
455.66 226.58
720.45 431.33
599.62 307.61
507.38 777.94
257.77 721.53
582.01 570.13
435.14 539.84
646.25 625.54
777.01 505.39
119.24 615.75
740.75 297.85
186.99 567.87
742.15 567.56
141.72 680.66
972.92 297.62
18.27 303.38
142.92 656.74
353.51 626.19
769.08 302.55
846.91 703.08
713.85 541.66
196.37 657.24
118.82 679.95
714.49 405.34
518.94 13.47
301.71 755.36
195.42 616.52
556.34 78.90
844.38 599.08
937.39 551.45
118.81 551.29
269.94 606.16
542.42 777.94
643.59 683.09
195.22 627.49
448.45 776.83
590.49 616.39
880.61 257.95
64.60 606.54
808.87 311.32
425.75 550.47
121.84 604.86
143.01 604.58
533.80 730.62
948.50 548.19
829.84 623.13
217.39 616.61
747.94 624.35
497.28 778.05
569.37 613.29
436.38 625.44
312.70 753.19
424.54 772.40
906.85 568.47
613.70 777.18
693.10 581.84
566.43 776.26
352.32 659.53
58.39 550.36
21.37 522.66
120.61 628.71
801.24 634.92
802.50 686.90
738.57 58.32
882.72 465.97
785.98 210.90
740.50 13.68
65.14 648.25
244.69 746.79
82.73 549.34
556.48 615.16
965.53 332.19
134.95 702.38
584.42 504.99
847.68 123.16
532.88 79.73
275.56 649.61
521.46 349.92
115.70 728.67
63.06 584.77
928.58 417.86
437.26 773.70
92.54 723.92
821.80 260.23
776.18 12.21
130.92 550.99
65.43 659.04
640.77 720.43
945.24 230.84
986.31 430.64
801.46 666.61
166.26 549.86
892.47 278.19
520.44 263.00
413.55 771.69
718.56 790.08
957.90 541.76
918.70 309.85
64.92 638.90
471.50 775.40
782.60 590.73
127.60 730.56
638.32 776.38
553.62 778.82
543.22 12.95
713.73 340.82
826.02 714.56
856.93 209.48
463.87 605.55
639.88 58.85
787.65 10.83
835.32 212.84
46.73 550.73
650.54 79.37
856.13 257.10
832.91 256.37
763.71 77.62
448.98 533.91
892.02 256.71
833.80 190.84
519.65 57.70
266.21 750.43
716.78 667.42
153.53 550.19
531.23 778.20
599.86 11.43
120.86 646.64
141.88 551.35
869.29 331.43
197.53 740.27
915.65 351.25
880.43 330.03
798.38 127.17
530.09 14.60
162.56 734.56
858.29 142.77
752.59 13.16
494.30 399.74
519.69 778.42
64.40 627.85
93.21 549.89
22.03 605.89
484.55 775.60
762.31 126.18
717.13 705.50
714.19 301.23
716.33 747.58
566.32 11.82
541.13 31.65
71.09 551.15
347.31 762.27
380.00 765.61
944.02 485.03
650.60 778.03
636.24 15.07
325.96 708.27
697.87 627.87
254.53 747.06
149.68 732.79
886.65 579.13
697.63 798.62
185.69 738.11
697.50 549.94
809.44 76.20
85.36 668.87
173.88 735.17
104.48 725.88
751.60 77.68
918.20 562.70
278.48 753.83
971.66 379.13
318.53 614.12
796.98 61.12
977.18 399.55
958.61 363.59
544.65 62.98
569.27 59.95
580.25 58.68
592.38 63.35
603.87 62.47
615.86 62.47
627.22 61.71
627.48 81.28
662.07 81.16
661.95 60.20
614.98 83.94
604.37 81.03
591.74 79.39
580.38 81.28
569.14 80.53
543.89 82.04
738.39 78.74
883.87 43.23
876.42 32.59
822.17 144.56
809.93 128.47
810.07 145.89
786.40 147.49
773.50 146.82
774.03 125.94
750.23 126.08
750.76 145.89
739.05 147.49
738.39 126.21
673.89 129.00
674.56 148.15
662.59 127.01
663.39 146.69
650.22 128.07
652.75 148.68
639.19 128.74
639.72 146.29
623.90 171.16
626.69 126.08
628.28 147.62
614.59 130.20
614.85 147.75
603.42 130.47
604.08 146.82
592.11 128.21
592.25 147.75
580.14 128.60
580.81 148.55
568.97 127.01
568.18 147.62
556.34 129.27
556.08 147.89
545.30 129.67
545.04 145.89
532.27 125.28
531.87 146.82
521.24 125.01
521.90 144.30
457.01 124.61
455.81 135.65
459.40 146.16
456.34 157.33
458.07 166.50
456.47 176.61
458.34 185.78
457.27 195.49
456.74 206.53
456.74 217.30
458.87 237.65
455.94 246.56
457.41 271.29
456.47 279.40
456.08 290.57
454.88 299.35
455.14 310.39
455.81 319.03
456.47 329.14
521.50 193.50
522.43 212.65
534.27 193.10
533.20 215.71
545.57 190.97
544.91 214.77
557.14 195.09
556.74 215.57
569.24 193.37
568.18 215.71
580.68 190.70
580.54 215.17
593.18 192.43
592.91 212.91
603.55 216.37
604.21 190.57
627.62 192.17
627.22 210.65
639.05 195.09
639.45 213.98
650.76 215.57
651.16 198.02
662.19 195.63
662.72 214.77
676.55 194.30
676.55 214.11
737.46 193.37
738.39 213.98
750.76 191.37
751.02 214.77
763.26 215.71
762.86 193.90
774.16 192.17
775.36 210.92
796.37 193.50
797.30 214.77
821.50 195.36
822.96 212.65
869.24 195.63
947.70 238.31
868.31 259.19
868.71 279.80
844.51 260.39
845.44 280.86
822.17 281.00
809.93 259.72
810.20 281.80
797.83 257.33
797.08 280.32
785.80 260.71
784.50 281.62
774.20 258.75
772.90 280.48
761.29 253.36
761.46 279.99
749.37 259.73
750.67 280.64
738.58 256.62
739.23 280.64
673.88 258.75
674.53 280.97
661.62 258.91
662.44 279.17
651.16 260.38
651.00 280.64
638.58 258.59
639.40 280.81
626.98 262.83
627.47 279.34
615.71 260.55
615.38 280.97
603.94 261.53
603.45 279.83
593.16 260.38
591.52 279.66
580.57 258.91
580.08 279.83
569.95 255.81
568.81 278.52
557.05 259.08
556.39 280.81
556.07 295.68
544.95 262.02
533.52 262.83
546.26 279.34
544.79 327.38
557.05 329.66
580.57 329.17
592.83 330.15
604.59 331.95
627.47 331.14
638.42 330.81
650.51 330.64
662.60 328.52
675.35 333.75
532.70 350.42
545.93 349.44
556.23 351.07
568.81 348.62
580.25 350.42
592.67 348.13
603.12 352.87
627.47 355.48
639.07 349.60
649.86 352.54
660.48 354.34
673.06 353.19
738.91 331.46
749.69 331.79
762.60 332.28
774.37 333.42
786.78 333.10
797.40 332.28
809.82 334.57
821.10 334.24
858.03 331.30
891.69 333.91
904.27 330.32
902.31 353.68
892.01 349.60
857.54 352.05
832.70 354.66
820.44 352.54
809.50 352.54
786.95 354.50
775.02 351.89
763.09 351.40
751.49 355.15
739.07 352.05
940.22 396.33
941.52 418.88
880.08 418.88
867.83 402.21
867.50 421.98
788.09 399.44
785.80 419.04
774.86 401.56
775.35 419.53
762.76 400.09
764.73 417.41
751.00 400.09
751.00 418.72
737.76 398.13
739.89 417.25
673.74 419.66
673.34 400.38
662.57 400.65
661.90 418.33
651.00 397.72
649.80 419.66
639.30 399.18
639.16 421.92
626.93 400.25
626.27 418.60
615.10 396.66
614.96 417.14
604.06 400.25
604.06 417.00
591.69 400.11
593.15 418.07
580.65 401.84
579.99 418.73
615.10 443.20
567.76 401.18
569.62 419.00
556.72 397.99
556.58 417.80
544.48 399.98
545.81 416.74
532.92 396.79
534.38 416.74
521.88 397.06
522.41 418.73
522.28 463.01
524.27 485.89
543.82 463.68
556.58 466.74
569.22 464.21
581.32 465.81
591.03 467.93
603.26 467.67
627.60 466.20
639.70 467.14
651.13 466.34
663.50 469.26
674.27 466.20
676.40 484.69
663.37 488.15
651.00 486.68
640.23 484.82
629.86 483.76
602.86 487.35
591.16 483.62
580.52 483.89
570.15 484.69
555.39 484.95
542.76 484.69
740.36 466.74
752.46 466.07
763.77 467.53
774.67 465.81
786.64 465.67
798.87 465.01
809.11 464.74
821.08 464.34
832.65 466.07
859.11 464.48
869.75 468.07
881.85 488.94
953.53 463.94
956.45 484.02
868.15 485.75
856.45 486.42
833.31 485.49
822.41 483.62
810.97 483.36
798.87 483.36
786.24 483.09
775.60 483.36
763.77 484.56
752.06 486.68
738.23 486.28
832.78 537.88
823.07 534.16
823.34 551.44
810.71 532.43
810.71 553.44
799.54 534.42
799.14 552.51
786.90 549.98
787.04 530.97
775.60 532.56
775.47 552.77
762.44 534.02
763.63 550.65
751.66 533.89
751.66 549.85
740.23 529.24
740.63 548.39
675.07 533.63
675.47 552.38
662.30 529.77
662.17 551.05
649.54 533.76
649.67 551.18
638.63 533.09
639.70 551.58
625.73 534.02
627.60 553.31
615.23 535.09
616.56 551.58
603.79 534.82
603.53 551.84
593.02 529.90
591.56 550.38
581.58 530.83
579.99 548.12
569.35 530.17
569.09 549.45
556.72 529.50
544.08 530.83
556.72 549.45
544.35 551.58
522.68 530.03
523.74 551.84
927.06 557.30
968.02 534.95
898.47 572.06
877.99 583.62
865.89 590.94
855.52 594.13
802.20 646.26
801.93 655.57
802.33 677.91
799.54 699.05
802.73 709.96
801.27 718.47
748.61 757.83
747.94 747.06
747.01 738.01
746.21 730.03
747.68 718.73
747.01 709.42
747.01 699.05
746.08 689.34
746.88 678.70
747.81 667.53
747.68 658.36
747.94 647.06
750.07 637.48
667.89 749.05
668.82 738.68
668.29 728.04
668.02 719.79
666.96 710.62
668.95 700.11
670.15 688.55
669.75 678.70
668.82 669.13
668.02 659.16
665.76 649.05
668.69 637.88
668.02 626.71
667.76 617.00
641.96 609.02
611.64 658.76
614.56 669.40
613.50 677.77
610.04 688.01
610.84 699.85
612.97 708.36
610.31 717.80
611.50 731.23
591.16 638.68
590.36 659.69
590.49 669.53
590.76 678.31
591.82 688.15
590.36 699.85
588.37 709.96
589.56 721.13
588.10 729.37
625.87 777.11
601.00 778.31
589.17 779.37
577.60 776.18
539.96 758.76
535.97 720.73
534.24 699.72
534.64 689.48
534.38 680.17
534.64 669.00
535.04 656.76
537.30 646.52
536.77 636.02
538.50 625.65
536.64 615.54
534.91 605.83
514.30 607.29
515.23 615.67
512.44 627.38
511.90 637.35
513.63 646.79
512.17 657.03
509.64 669.26
512.70 679.64
512.44 688.81
512.97 698.78
512.30 720.73
514.16 730.70
462.17 720.99
462.30 709.69
459.51 700.11
459.51 687.75
457.38 668.47
458.05 658.76
457.65 646.26
463.77 635.75
464.70 626.44
436.64 606.36
439.70 634.82
434.91 646.13
435.44 655.57
435.97 665.54
437.44 689.21
437.44 699.98
436.24 710.22
437.97 720.19
401.53 771.26
381.32 713.54
380.79 703.44
381.98 691.20
380.52 682.69
380.12 671.39
379.06 661.15
378.53 648.65
379.46 641.20
384.11 627.77
381.59 605.43
353.13 639.74
353.53 650.65
350.34 670.59
352.99 679.64
354.46 691.60
355.52 700.38
354.72 713.15
337.70 758.89
324.67 757.56
290.49 756.23
234.11 744.66
295.55 698.92
295.95 690.54
294.48 678.44
297.14 668.60
297.41 658.76
296.88 647.32
294.35 638.94
294.35 626.71
295.15 617.00
295.02 607.56
273.74 617.40
274.54 626.84
274.01 637.48
275.73 657.16
274.94 668.07
271.74 679.37
273.74 690.54
270.95 698.78
137.97 733.49
218.55 690.81
219.75 680.57
221.21 657.83
222.94 647.59
218.02 638.41
218.02 628.17
197.68 637.22
197.94 646.39
198.74 679.10
194.48 691.47
144.35 639.34
144.09 647.06
140.36 669.66
121.48 658.09
123.21 637.61
63.77 618.07
66.29 667.80
67.09 679.50
65.10 690.81
65.49 700.38
20.58 533.78
20.81 463.48
21.50 512.45
20.92 409.58
21.15 399.03
20.81 358.89
21.04 347.54
21.15 338.48
21.27 327.01
134.93 11.33