195.23 22.93
295.68 33.38
306.59 36.11
317.50 35.65
329.55 35.88
339.77 37.24
351.14 38.83
361.14 43.38
372.95 42.47
394.77 47.70
405.68 47.70
421.36 93.38
411.14 92.47
397.96 92.47
387.27 89.52
375.23 90.65
418.18 112.24
407.95 111.79
395.23 108.83
384.32 109.52
372.95 107.02
354.55 89.29
351.82 108.61
342.96 84.06
331.82 83.15
328.64 104.29
320.96 83.66
307.03 102.11
309.18 81.99
298.82 79.97
288.46 80.57
276.80 78.78
284.18 99.61
261.44 95.92
265.01 77.71
252.15 81.04
218.34 90.92
207.51 89.85
185.61 89.85
118.58 80.21
58.94 137.83
69.54 138.90
50.96 157.23
124.54 141.52
158.94 129.97
181.08 129.85
179.30 148.18
211.80 152.23
222.51 152.47
234.06 154.02
258.46 144.73
292.27 143.07
301.80 146.04
301.20 161.40
346.32 150.09
358.11 150.80
368.94 149.26
407.99 149.85
419.30 175.57
408.82 174.49
395.96 172.71
383.46 171.28
368.11 170.57
358.23 168.19
346.20 168.07
332.63 168.42
394.42 209.49
362.39 212.83
411.68 238.90
400.25 237.71
389.18 237.11
375.61 234.02
358.11 233.30
347.15 232.95
351.56 211.04
341.08 211.76
326.44 229.61
328.58 211.76
317.63 209.02
315.25 228.18
304.06 224.85
306.56 208.54
295.84 208.90
292.87 224.38
283.34 224.02
285.37 206.16
270.25 224.02
263.70 201.64
228.82 199.38
151.08 193.30
128.70 191.28
117.87 189.49
63.70 183.90
43.11 182.47
171.68 257.59
196.20 259.49
224.89 280.92
237.39 283.07
263.23 268.78
292.27 291.16
315.96 270.33
327.51 272.23
323.82 289.97
338.70 271.28
335.37 291.16
357.99 293.78
366.68 309.61
379.06 295.92
370.25 275.21
380.01 277.71
393.34 278.19
391.56 300.57
394.77 342.95
395.49 361.40
385.01 343.30
383.11 360.68
373.11 359.85
374.42 340.21
362.39 338.54
351.44 338.78
339.42 355.21
349.30 355.80
330.61 336.76
327.99 356.16
319.18 334.73
316.80 355.09
306.80 331.52
296.20 352.23
283.94 348.18
287.15 328.54
276.20 331.76
252.63 328.54
262.75 348.30
250.61 351.99
206.92 343.66
185.13 342.11
47.98 385.99
71.40 369.65
91.76 392.58
105.67 380.14
113.96 397.09
125.91 378.55
141.52 379.16
157.74 398.92
171.89 382.09
182.62 384.65
180.06 404.28
204.57 386.11
212.98 405.99
225.67 406.85
240.18 390.99
250.42 392.70
237.25 407.46
248.59 409.04
268.84 412.46
273.59 392.58
283.59 393.31
280.06 411.97
291.89 414.28
293.96 392.33
305.30 395.75
302.98 415.75
313.47 416.85
316.40 396.97
328.23 398.92
338.23 397.94
325.18 415.26
336.40 419.28
362.50 422.94
376.28 422.82
386.64 424.41
377.50 399.04
375.42 463.80
373.59 485.63
365.30 464.41
353.11 462.94
341.76 461.85
350.18 480.99
340.67 480.50
331.28 463.80
320.30 462.09
317.13 480.87
307.86 459.16
304.33 478.55
287.01 460.02
282.62 476.85
275.06 458.19
264.69 457.09
262.62 474.89
252.13 475.02
231.03 454.04
205.79 468.43
195.54 465.87
131.64 446.85
136.89 502.70
158.96 506.11
192.13 511.36
234.08 533.19
259.20 515.87
282.25 519.41
292.25 521.60
277.98 539.04
301.28 540.87
311.03 540.75
314.45 522.21
325.18 526.11
324.45 543.07
348.11 528.07
357.13 549.53
359.94 525.02
371.64 526.60
348.35 589.53
326.40 589.65
305.54 585.38
293.96 585.75
272.86 584.65
261.76 583.55