57.99 17.49
81.13 16.43
121.82 16.96
144.69 15.63
70.22 58.18
55.33 74.94
161.18 76.27
384.94 63.75
395.22 82.44
410.18 82.21
423.14 64.10
480.23 50.57
393.80 10.26
484.30 61.81
483.72 71.69
488.95 80.03
490.70 89.14
493.99 97.66
497.09 107.93
504.65 85.45
505.81 125.96
506.39 137.00
510.46 145.34
512.60 155.42
20.15 118.98
23.45 134.48
35.46 136.62
45.35 140.30
45.93 120.53
60.27 138.55
112.79 135.84
21.90 173.83
34.11 172.08
45.93 171.11
58.14 171.50
19.96 192.82
34.88 196.69
70.93 193.59
97.48 193.21
149.22 191.85
162.60 174.60
174.22 194.37
269.77 193.40
541.86 213.36
527.71 251.93
464.34 255.22
480.23 306.38
181.98 251.93
157.56 256.77
131.39 254.64
98.06 238.36
108.72 257.55
93.80 255.61
80.81 254.83
68.99 257.16
44.19 237.20
20.15 214.52
19.77 237.59
31.01 256.38
42.83 256.38
17.83 260.26
23.84 292.82
37.02 292.82
44.38 314.72
81.01 294.17
93.41 296.50
106.39 298.05
118.99 294.76
132.56 298.05
144.19 297.47
158.72 296.69
182.17 295.53
214.73 292.82
235.08 298.05
68.22 315.49
84.11 311.81
93.60 316.27
106.59 313.17
122.09 314.14
132.95 317.43
143.41 318.01
156.98 317.04
171.32 315.49
184.11 315.30
195.54 317.04
222.48 316.66
237.79 311.23
277.13 309.10
515.12 405.22
351.16 375.18
297.67 371.11
237.98 352.90
248.64 371.11
221.51 372.28
198.26 354.45
208.14 371.50
181.78 351.73
193.41 371.11
172.29 354.83
181.01 370.92
143.99 350.18
156.20 369.76
144.38 372.66
130.43 369.76
120.35 354.25
106.20 352.70
118.80 371.69
93.80 373.05
80.43 352.12
62.21 354.83
46.51 354.83
50.97 375.96
53.29 416.46
74.61 414.52
60.46 436.04
93.02 415.69
109.11 418.40
120.54 418.59
134.69 417.04
146.70 414.52
158.14 413.94
173.84 415.69
208.53 413.94
220.93 411.81
107.95 437.20
117.44 432.35
130.81 434.68
145.93 437.39
157.56 435.84
169.77 434.68
183.91 433.52
197.29 433.71
187.21 417.24
219.77 429.83
274.42 416.46
238.37 418.98
297.87 416.85
324.42 417.43
334.30 411.62
358.14 459.87
326.74 471.89
478.29 504.64
227.13 467.62
185.46 473.63
172.87 470.72
158.14 470.53
133.14 473.24
108.33 472.28
118.99 472.66
93.60 474.02
68.02 473.83
54.26 474.02
44.38 473.24
44.38 490.30
57.56 489.14
69.57 489.14
81.98 491.85
93.02 494.76
105.62 491.07
119.77 492.24
159.69 489.33
171.71 490.49
41.28 531.58
54.07 529.25
68.02 532.35
80.43 535.07
93.99 532.55
106.20 529.83
118.80 532.74
141.86 529.45
184.50 530.03
224.42 530.42
234.11 530.03
39.15 551.15
52.71 551.15
64.53 549.02
79.46 551.93
94.19 550.76
105.23 551.35
116.67 549.79
132.36 551.54
142.83 546.89
168.80 548.05
180.23 546.50
194.19 549.79
246.70 546.69
286.43 546.50
350.58 531.19
289.92 574.02
347.48 611.03
298.06 616.27
259.88 595.53
255.43 607.74
234.69 595.53
218.60 590.30
229.46 609.87
180.62 591.27
169.77 592.82
156.20 593.59
181.59 611.23
132.75 594.17
144.77 612.97
142.25 589.33
128.88 609.49
105.62 593.01
117.25 610.26
105.43 614.14
93.02 593.01
75.19 589.52
55.81 592.04
21.71 596.31
18.41 636.23
57.56 614.91
54.46 649.79
45.15 670.53
67.83 671.11
82.56 670.92
108.53 649.02
119.77 654.06
135.08 650.38
149.03 652.70
159.69 652.31
173.84 649.02
187.02 647.86
226.94 651.73
108.14 669.56
121.12 672.66
62.21 692.43
116.86 689.72
136.82 666.46
149.03 668.59
161.05 672.47
173.06 667.82
197.48 669.95
226.74 668.98
250.39 671.69
301.94 672.47
367.83 653.67
389.92 658.52
446.51 699.99
416.67 762.59
326.16 726.15
295.54 726.15
277.91 729.64
241.47 712.97
226.36 708.71
215.89 712.20
201.94 706.97
187.79 705.80
175.58 709.29
162.40 708.90
150.77 710.65
135.66 708.13
149.03 727.12
134.69 725.76
123.84 710.65
113.76 712.59
97.48 709.29
109.69 728.28
71.90 710.84
84.11 726.73
69.19 723.83
57.17 707.74
42.83 704.64
54.65 723.24
41.86 725.96
42.64 765.49
56.39 764.91
68.99 767.62
81.78 768.40
95.15 764.72
108.14 770.14
119.77 768.01
134.50 768.21
145.15 769.17
168.41 771.50
43.60 785.84
57.95 781.77
69.38 781.00
77.13 787.00
93.60 785.07
150.19 792.24
245.15 772.86
374.81 853.28
363.18 859.10
276.36 885.07
228.29 889.33
187.60 885.65
134.69 885.26
125.00 889.33
110.27 888.36
98.64 889.14
84.88 888.75
73.26 888.55
59.30 888.94
41.47 843.21
35.08 867.43
43.99 826.93
56.59 827.70
68.80 844.18
72.48 827.70
97.87 826.15
108.33 823.44
107.56 844.95
123.45 827.12
148.06 826.93
174.81 826.54