77.56 20.62
101.35 19.20
122.35 18.33
132.60 19.37
143.88 19.37
50.83 56.87
74.61 62.95
95.97 65.55
105.69 65.03
130.34 62.08
141.62 63.12
151.87 64.16
204.47 62.77
251.69 61.56
283.12 63.82
164.72 18.50
183.12 19.72
228.43 18.33
237.98 18.85
249.09 16.77
272.18 16.59
319.75 18.85
334.33 67.46
377.39 25.62
388.67 21.46
408.12 24.41
357.60 68.68
411.42 72.50
433.46 87.95
443.53 64.68
390.58 132.57
400.13 132.22
379.47 154.96
356.38 134.13
345.79 85.00
412.11 154.09
424.09 153.92
435.72 153.23
446.83 133.61
318.71 144.72
354.99 187.08
666.28 33.09
598.05 121.80
603.60 141.07
594.40 144.55
582.25 141.77
569.40 142.81
558.12 143.85
674.61 178.92
669.58 227.88
673.40 246.98
610.03 207.22
608.64 224.23
598.40 222.67
586.07 217.46
552.56 205.31
541.97 222.84
519.40 224.23
510.55 224.75
498.92 227.88
499.26 211.04
461.24 204.44
459.68 223.89
449.09 204.79
449.61 225.80
438.33 204.79
438.15 225.45
427.04 207.57
416.10 206.35
427.39 229.62
413.33 224.41
380.86 225.10
360.90 225.10
322.18 320.93
357.42 316.94
365.76 270.59
313.67 274.75
381.90 270.41
394.92 271.28
414.89 272.15
426.52 272.84
438.85 273.19
449.44 271.80
461.76 268.85
416.10 292.46
426.00 299.23
438.50 289.68
449.78 288.82
461.24 288.30
488.33 273.02
499.09 273.19
508.99 273.54
520.10 275.10
487.98 291.94
499.78 291.94
509.85 291.94
520.10 291.94
564.37 271.28
586.94 268.33
586.94 288.47
608.81 270.76
609.85 293.85
609.16 335.87
586.76 334.82
530.51 335.00
532.94 355.48
510.37 332.91
499.61 335.69
487.11 334.82
486.94 354.44
461.24 336.56
450.31 336.39
439.19 336.56
440.06 356.00
430.51 366.59
428.26 336.56
416.62 353.75
406.56 337.08
406.90 358.61
394.58 336.21
394.06 359.13
383.99 338.82
373.05 339.51
372.70 357.39
361.59 357.57
361.24 337.77
376.00 427.71
385.72 422.67
396.31 424.93
407.94 424.93
436.07 402.88
450.83 404.44
462.98 421.80
249.96 482.22
261.07 482.91
270.97 483.43
292.67 480.83
361.24 464.68
385.72 467.64
396.66 468.68
396.31 488.30
429.99 466.77
522.35 485.87
614.37 471.46
670.79 421.98