112.64 203.99
41.84 394.21
45.88 121.75
89.05 139.56
123.36 249.54
105.38 564.10
29.92 328.40
434.42 317.67
117.43 416.54
71.81 438.66
110.90 118.67
303.73 290.10
78.21 120.92
289.16 332.98
299.17 355.60
299.51 335.01
120.20 351.44
103.85 610.25
60.03 566.91
232.60 355.10
179.65 121.75
120.50 330.09
291.76 296.11
440.51 631.69
276.39 460.65
126.31 57.32
70.08 691.05
123.48 201.91
56.19 182.16
321.69 335.80
374.40 400.56
449.06 144.93
305.32 310.10
123.51 181.35
266.15 332.43
175.87 396.52
84.69 456.12
170.12 458.01
180.92 78.47
53.45 353.18
360.30 291.63
197.78 220.23
245.50 121.20
71.41 565.02
192.98 504.17
314.57 291.25
69.66 55.71
228.64 417.55
341.62 400.00
379.36 338.00
93.41 564.78
208.57 394.37
112.53 181.99
282.53 587.24
49.36 546.73
115.73 609.29
379.77 290.73
256.60 140.28
66.94 120.08
99.31 142.21
82.74 545.55
471.01 318.84
387.13 128.25
192.41 734.20
291.00 203.37
246.73 204.01
88.13 119.39
196.78 289.22
186.47 397.62
160.06 608.78
363.79 419.97
174.65 417.73
207.64 505.51
363.56 631.96
320.01 396.35
375.00 504.73
41.65 413.34
325.71 62.59
306.95 549.48
110.96 501.75
162.63 288.24
138.41 606.82
176.84 333.24
124.51 458.16
448.85 232.20
48.42 672.20
214.31 673.83
228.20 288.98
170.05 79.01
255.02 351.32
286.39 459.55
433.37 400.11
158.53 501.78
371.98 18.92
278.17 334.69
269.50 182.98
257.25 203.27
131.26 351.27
36.75 606.90
112.05 11.82
219.54 396.64
44.61 202.78
96.63 395.15
229.64 250.31
131.67 331.28
109.81 331.45
406.79 692.61
431.37 504.31
227.97 610.96
233.59 460.66
424.12 337.08
381.38 674.86
347.94 291.11
43.78 183.07
52.61 394.82
137.25 77.89
132.50 288.70
27.00 566.17
110.02 350.15
226.14 77.18
312.39 196.19
233.11 139.51
287.33 353.46
38.85 545.58
336.63 291.02
250.78 547.79
67.31 141.21
268.43 205.16
274.54 502.90
354.96 464.18
121.88 501.81
245.74 185.01
416.01 82.59
173.81 288.54
263.71 247.47
71.23 546.03
352.79 419.01
33.66 197.07
102.80 75.71
29.94 349.49
296.95 414.36
398.85 505.80
239.34 288.59
223.51 138.90
423.26 291.49
116.30 628.43
38.33 563.68
121.92 288.34
59.51 547.83
345.05 334.08
293.17 250.52
30.79 414.58
234.41 203.93
235.92 691.12
147.35 57.81
105.44 416.49
100.77 501.06
107.10 395.19
133.32 13.28
266.86 140.94
228.49 548.63
431.78 420.79
227.61 570.33
163.64 397.02
229.96 398.65
173.73 546.37
349.51 248.62
99.90 350.93
146.29 182.42
165.84 334.26
388.84 461.43
179.79 182.69
426.63 124.65
208.01 288.63
127.94 567.39
169.50 501.21
105.26 628.70
243.90 352.67
260.91 569.59
143.36 333.34
356.12 505.57
51.38 455.90
111.65 138.58
27.83 543.50
262.90 288.20
347.84 203.80
383.06 17.48
6.44 63.64
164.41 418.60
159.83 459.28
54.78 201.82
95.00 547.27
362.51 77.70
445.31 252.16
234.68 184.29
429.71 675.89
285.47 502.20
320.75 506.43
52.22 414.66
191.38 13.12
4.58 242.31
53.55 330.74
240.24 612.39
258.71 81.64
181.01 459.97
49.11 610.13
447.37 126.45
186.18 246.62
77.91 142.22
63.79 394.60
125.75 78.82
99.54 331.57
310.50 336.78
304.23 249.30
244.03 15.64
34.58 12.33
114.42 56.40
420.75 462.83
265.68 352.86
30.95 501.44
301.59 121.99
85.73 396.65
441.71 551.16
89.14 12.69
469.69 408.67
121.98 10.98
468.09 605.39
318.87 377.43
123.64 111.10
196.48 546.57
185.48 418.01
63.78 354.36
444.27 338.17
37.16 75.50
224.04 202.88
100.91 526.70
180.92 59.74
30.20 396.91
308.66 398.28
67.09 288.77
242.70 461.52
118.38 395.53
212.15 118.79
401.96 337.03
200.69 143.92
446.62 202.99
110.55 289.15
253.63 501.55
65.84 501.34
50.11 500.91
350.36 549.15
167.56 202.64
55.30 12.37
321.64 460.38
134.48 245.32
330.02 547.37
54.93 243.25
67.43 12.25
202.16 12.74
258.56 183.14
366.67 358.80
170.29 13.01
298.87 501.54
376.46 461.64
74.58 395.68
96.16 419.15
327.39 248.99
244.89 143.21
296.04 548.57
122.52 140.03
84.67 500.83
218.10 290.25
102.28 459.67
255.60 16.22
421.30 505.60
168.71 121.28
68.62 77.83
30.83 456.36
157.80 204.42
146.21 204.24
180.12 503.12
48.93 565.73
190.72 120.54
45.84 141.18
299.10 461.22
78.48 13.33
218.06 247.85
241.66 248.76
100.69 121.13
162.72 549.71
42.46 330.46
326.00 292.71
414.92 188.25
129.28 416.85
374.26 629.42
99.40 287.44
201.03 121.09
411.45 416.87
268.37 14.63
392.84 186.92
59.09 673.24
143.70 13.77
189.85 142.51
36.39 629.01
85.08 417.11
213.20 13.33
233.48 335.11
261.06 610.63
26.75 672.72
57.74 734.66
380.98 248.08
234.52 14.72
236.61 79.26
80.77 674.58
112.30 247.31
393.12 291.12
232.05 503.01
55.89 77.96
93.20 737.59
368.83 338.48
356.21 356.60
309.46 504.83
42.61 354.04
316.74 249.64
371.00 202.34
62.57 416.22
134.42 201.36
399.15 463.76
115.44 674.75
65.54 203.75
99.29 13.56
319.17 418.34
255.23 460.89
68.91 241.68
353.22 631.42
184.59 290.30
247.75 60.77
101.70 202.73
189.82 185.07
143.40 355.08
434.23 357.12
196.79 246.89
34.63 288.07
418.47 552.96
53.17 288.98
441.14 571.75
174.16 246.05
35.49 121.77
170.54 611.53
87.14 289.87
391.81 209.38
223.70 13.12
100.62 246.17
159.04 78.52
386.08 507.04
303.18 16.38
251.63 290.00
322.64 203.15
32.94 240.96
172.32 674.78
163.27 245.81
34.20 141.72
83.92 243.28
178.90 143.64
179.02 204.94
385.23 631.72
56.17 139.48
278.80 205.84
390.55 338.21
170.31 59.62
104.32 58.60
192.42 59.99
226.74 59.20
269.01 104.44
214.64 98.68
268.01 120.90
246.59 157.81
237.66 166.74
168.01 142.73
134.88 121.30
135.67 142.33
67.82 183.60
65.24 332.61
155.32 334.59
156.31 353.64
165.43 353.64
174.96 354.44
186.47 353.25
222.18 336.18
221.78 356.02
244.01 334.59
254.72 333.21
309.88 354.63
356.70 337.97
379.52 358.60
445.00 397.49
387.66 398.48
386.07 419.12
297.97 396.10
263.05 398.29
263.65 417.73
251.15 396.30
253.53 417.73
241.03 398.88
240.83 417.53
218.21 418.32
207.10 414.75
198.17 396.70
196.78 416.34
130.12 397.49
114.05 458.21
193.41 460.59
265.63 460.79
333.09 445.90
116.23 545.11
116.23 564.16
83.49 566.54
162.66 565.75
184.68 544.52
206.11 545.71
183.69 565.75
207.10 568.32
239.84 548.29
239.05 569.71
306.51 570.11
361.86 567.33
342.42 631.22
239.44 631.22
217.62 612.57
218.61 632.02
181.70 619.32
172.78 630.82
160.08 627.25
127.74 611.18
127.74 627.05
94.80 610.19
94.01 627.85
60.08 610.79
59.48 629.04
49.16 627.85
26.55 609.59
26.15 627.85
37.46 672.49
24.16 689.16
35.47 690.94
37.26 732.41
137.66 732.02
159.48 689.75
316.63 734.40
380.71 693.92
466.43 672.69