172.57 26.24
287.04 22.58
298.57 23.13
214.14 71.30
236.30 68.73
263.04 68.92
274.95 69.65
308.65 67.64
309.75 85.22
297.66 85.22
285.75 85.95
275.50 85.22
137.04 132.29
171.10 131.37
207.92 149.87
217.07 150.05
227.88 127.89
229.89 151.33
240.70 148.95
253.70 149.32
252.05 130.64
264.33 128.62
264.14 149.87
274.77 152.07
276.05 131.00
286.85 128.07
298.21 132.47
286.12 150.42
298.39 150.79
311.58 149.87
148.21 195.29
149.12 212.87
160.11 211.77
193.08 193.46
204.44 192.91
214.51 194.37
227.51 193.28
252.97 194.01
276.96 192.73
287.22 191.63
299.31 189.80
310.30 211.04
298.76 211.41
286.30 213.06
276.41 212.14
255.72 212.87
244.00 211.96
232.82 211.96
220.55 213.24
207.92 213.97
127.15 257.74
155.35 257.56
165.97 256.10
187.04 255.73
198.76 254.27
210.66 258.29
232.64 254.81
219.82 257.01
244.00 254.27
255.90 254.27
14.14 267.82
309.56 282.47
95.52 282.42
117.06 281.77
127.77 283.99
160.80 280.85
172.42 283.07
185.08 279.68
210.27 280.72
220.85 280.46
243.56 280.46
255.84 281.24
274.77 281.90
290.30 282.16
90.30 323.67
47.74 360.75
116.67 321.97
127.12 320.02
118.63 342.47
140.69 345.60
138.60 322.50
160.80 324.59
174.11 323.67
182.99 322.24
194.61 325.89
176.33 342.73
187.69 342.47
209.75 326.94
233.25 343.52
243.43 340.90
243.04 322.11
258.32 322.63
255.44 344.82
275.29 324.85
290.56 323.80
309.36 324.59
31.55 399.00
8.32 423.93
90.43 385.94
113.15 388.03
116.93 405.92
127.77 405.53
138.34 406.83
139.13 385.42
150.48 385.81
161.45 385.03
171.63 388.03
159.23 407.09
171.63 406.96
195.13 385.94
183.25 387.77
205.97 384.25
208.19 405.00
216.80 388.03
220.98 403.70
228.16 386.47
232.08 404.22
256.49 381.51
254.14 404.22
264.71 406.96
277.38 386.47
288.34 386.73
298.39 384.64
288.21 406.05
299.18 403.70
309.49 450.83
310.54 467.28
300.35 450.57
298.92 467.80
288.34 468.45
287.56 448.87
276.99 450.57
278.16 468.45
254.27 450.83
255.18 468.45
231.55 490.64
234.30 466.88
230.64 447.04
217.32 449.13
220.98 467.54
207.01 449.65
184.43 449.52
184.30 470.41
172.02 446.13
172.55 468.84
160.54 466.36
118.37 469.36
106.49 469.23
107.14 446.91
82.21 510.49
85.47 538.42
47.61 533.33
28.16 542.34
23.85 572.37
129.20 508.92
154.66 511.01
164.71 509.05
177.51 510.23
199.83 510.88
222.42 510.49
234.69 511.14
244.74 509.44
258.06 509.05
290.04 535.42
277.90 536.60
256.62 536.47
233.38 536.34
222.68 534.12
210.27 535.03
173.98 536.34
150.22 537.77
114.32 576.15
139.39 577.20
160.80 572.89
172.68 600.83
210.01 599.00
206.75 581.51
217.72 578.50
229.86 577.98
256.36 577.46
266.80 578.11
277.64 579.55
289.39 579.02
301.14 579.02
312.23 579.42
301.40 598.87
290.04 598.48
278.16 598.08
266.67 598.61
85.34 657.22
153.09 644.04
228.03 641.95
279.46 641.17
290.04 642.34
301.01 640.90
300.74 659.96
312.89 659.96
312.62 642.08
278.55 660.62
256.88 660.62
235.08 703.57
246.18 723.67
211.97 703.57
162.23 723.93
246.04 766.49
276.33 785.68
279.86 762.31
311.71 768.06
323.20 765.84
324.11 785.42
302.31 784.25
313.41 826.81
278.42 845.87
264.97 847.04
151.66 845.47
138.60 847.69
705.00 844.75
696.71 732.82
717.73 733.73
742.14 732.56
744.10 695.87
730.65 695.09
765.51 694.83
775.95 696.00
365.83 577.95
351.84 607.30
337.67 530.34
623.34 128.47
579.82 149.46
711.56 133.76
602.52 127.27
507.30 89.73
520.44 85.12
564.12 84.61
600.30 85.12
469.41 23.35
461.22 84.78
436.99 63.96
436.84 88.85
425.54 86.22
415.48 87.45
414.71 63.93
404.80 86.84