193.51 217.22
281.63 146.28
947.25 672.83
662.85 314.12
607.79 112.46
514.35 263.92
180.28 327.18
106.37 258.55
419.35 257.27
194.77 208.04
222.35 389.63
413.50 220.25
458.49 328.07
568.03 178.45
82.77 259.06
568.54 262.79
538.49 328.21
338.40 158.22
278.51 248.84
165.23 227.13
465.53 662.78
282.38 187.75
192.36 259.24
253.09 248.84
193.54 227.97
279.50 259.50
419.48 179.52
241.55 432.73
133.27 489.75
445.39 260.96
413.54 590.79
44.77 450.37
402.19 329.77
663.88 303.39
476.67 310.32
663.48 396.21
341.41 189.34
568.59 310.62
283.10 177.53
258.26 238.05
541.97 265.63
283.38 208.65
540.48 247.61
488.36 266.08
279.83 237.99
397.49 305.04
76.14 603.84
169.73 206.55
281.94 166.75
339.94 147.27
243.40 330.55
661.97 324.94
554.77 199.55
462.23 265.22
60.29 540.94
194.93 187.37
567.46 123.48
87.52 490.52
339.25 108.66
554.45 246.17
181.45 452.27
260.19 330.14
337.94 138.63
555.07 176.97
56.49 492.28
514.24 179.21
279.80 227.07
283.45 74.07
85.10 510.27
98.02 569.70
552.96 371.57
281.35 197.82
110.23 249.39
192.88 197.74
486.88 178.33
279.57 157.25
255.05 226.77
165.57 238.57
194.62 177.01
336.05 118.38
168.65 249.42
254.62 260.64
282.50 114.39
339.36 169.24
108.31 197.38
282.75 95.97
252.89 166.38
255.89 198.06
339.62 76.80
338.99 97.95
110.43 218.29
280.93 53.76
197.05 115.41
254.36 148.00
477.62 329.73
278.06 311.26
354.14 371.47
369.80 388.21
374.14 375.60
388.06 372.13
399.36 387.99
403.71 375.82
417.19 391.91
418.27 372.13
430.01 387.13
448.49 372.99
464.58 372.56
480.67 375.17
494.80 372.56
506.75 368.43
522.62 371.69
571.54 372.13
584.58 389.95
537.62 389.08
519.80 387.34
507.62 388.86
492.62 387.13
476.54 388.65
461.54 389.73
213.49 429.08
256.10 431.47
275.45 432.13
263.93 447.56
322.84 463.21
353.49 434.73
371.75 432.56
388.71 431.26
434.14 431.04
448.71 431.69
463.27 432.13
476.32 433.00
491.97 433.65
505.01 435.17
521.97 433.43
540.88 429.73
555.45 431.69
568.71 432.13
556.10 450.60
541.97 449.52
526.32 449.95
510.45 448.43
493.71 451.04
464.80 450.39
466.32 466.91
449.80 447.56
435.67 447.34
419.80 448.21
405.88 447.13
389.58 449.30
374.36 448.86
359.14 449.08
105.74 493.68
37.64 509.20
117.12 507.99
134.88 511.61
146.78 508.85
162.98 510.75
181.09 513.85
196.43 512.65
198.84 494.20
213.84 512.82
230.91 495.58
240.22 511.27
244.53 493.16
261.78 496.44
275.40 496.09
274.36 509.71
257.98 512.65
12.29 628.68
124.19 571.44
150.05 569.71
162.64 569.20
175.91 569.71
190.05 570.06
203.67 571.44
215.40 571.09
231.26 569.54
243.50 570.58
256.95 567.47
270.57 567.65
359.36 494.37
373.33 494.37
387.46 493.16
402.12 493.33
420.22 496.61
432.98 493.33
448.15 494.71
464.88 493.33
477.12 492.65
490.91 494.20
507.46 493.85
538.67 494.20
553.33 493.16
585.22 495.58
580.74 509.71
610.22 511.27
629.19 561.09
564.71 509.02
551.26 509.89
518.33 509.37
505.57 511.09
489.88 509.20
477.46 509.71
462.81 510.92
446.09 508.33
431.60 509.89
414.88 510.75
400.22 507.65
385.91 511.27
372.98 511.78
354.19 509.89
349.53 528.85
352.29 553.16
370.40 550.92
386.26 552.30
401.09 551.78
416.09 552.82
430.91 554.20
446.09 553.51
461.09 554.54
477.81 550.75
492.12 552.99
508.84 551.96
523.50 552.13
538.67 552.82
551.60 553.16
567.64 553.51
581.78 553.68
567.46 572.30
554.36 570.58
538.33 569.71
524.19 568.85
509.36 569.89
496.26 569.20
479.71 568.85
464.36 569.54
450.22 567.30
433.15 568.85
419.19 569.02
403.15 569.54
585.74 615.58
570.74 613.16
580.91 629.89
566.60 630.06
553.67 612.82
538.84 614.02
551.95 630.58
520.40 627.13
507.81 611.44
493.15 613.34
505.40 631.27
478.84 613.16
490.40 631.09
476.77 630.75
465.40 614.37
446.09 611.44
462.64 630.92
444.53 627.47
433.15 612.30
417.98 613.16
429.36 629.54
400.91 612.13
414.53 629.02
388.67 613.51
401.95 629.54
374.19 612.99
385.91 629.02
358.33 612.30
369.71 631.27
354.36 630.23
305.57 732.99
257.98 639.20
256.78 655.40
256.60 687.82
356.95 676.09
372.12 679.20
386.95 677.99
401.09 676.44
415.74 677.65
432.81 678.34
447.12 678.85
462.46 679.54
477.46 678.34
493.15 678.85
509.53 676.96
523.84 677.13
538.50 676.09
553.84 678.34
567.64 678.16
583.67 678.51
617.12 663.68
354.19 694.71
366.95 691.27
384.19 694.37
399.02 694.37
413.33 694.54
430.74 695.23
445.40 694.71
458.50 694.37
476.60 695.23
490.74 695.58
505.74 694.89
520.40 696.09
534.53 693.51
549.02 694.89
567.46 693.85
580.22 692.47
621.43 690.23
602.46 712.64
630.22 707.30
362.29 743.51
377.29 744.37
390.57 746.27
404.53 746.78
417.98 744.54
430.57 745.23
442.12 745.40
455.91 744.20
469.88 744.71
496.09 744.71
510.74 745.23
523.67 744.71
539.02 744.37
550.57 743.68
564.02 746.27
604.88 745.92
618.67 744.37
630.74 746.61
658.84 746.44
671.09 745.58
679.71 699.20
695.57 697.13
711.43 697.47
742.12 671.27
743.15 697.13
727.81 696.78
710.40 743.68
710.91 722.30
725.57 742.65
739.02 745.75
751.95 746.09
766.60 746.27
779.88 745.06
793.67 742.82
761.43 699.37
773.67 698.16
788.84 699.02
805.74 744.89
818.67 745.58
832.47 744.54
846.60 744.02
859.19 745.40
871.95 744.54
885.91 745.06
900.05 746.96
913.15 744.54
924.71 745.40
938.16 746.44
847.81 698.34
856.95 716.61
867.29 700.58
880.22 698.34
894.71 697.82
914.02 700.40
931.26 699.20
943.50 697.99
957.81 696.09
972.47 698.68
987.12 696.09
999.53 696.09
885.22 651.27
903.50 652.65
930.74 650.06
945.05 650.40
964.88 654.02
1000.57 654.02
1015.74 651.61
1027.98 652.30
1041.09 652.82
1052.29 652.99
1033.16 672.30
1012.47 696.27
1026.78 699.02
1038.67 698.16
1053.16 700.58
1065.22 700.06
978.16 745.23
1008.16 746.96
1020.74 745.58
1046.26 745.06
1060.40 746.27
1075.05 742.47
1081.95 650.58
1095.05 650.23
1106.60 650.58
1120.40 652.13
1134.19 649.54
1145.57 650.40
1177.47 677.30
1092.81 698.51
1105.57 697.99
1119.02 700.06
1131.78 699.20
1146.43 696.61
1159.19 696.78
1173.50 698.85
1164.71 726.27
1102.12 744.89
1114.53 745.23
1142.47 743.85
1156.43 742.65
357.46 570.11
373.46 570.11
386.75 570.39
864.97 64.64
1186.85 70.88