58.73 8.23
163.20 46.09
357.29 50.41
296.59 113.98
91.31 112.55
55.85 112.55
26.14 145.29
44.83 154.56
55.37 155.04
42.75 174.05
57.61 175.33
69.59 175.01
82.53 176.44
80.61 157.91
91.31 158.23
372.46 173.73
358.73 204.24
201.54 239.86
57.29 220.05
68.95 221.81
68.63 239.38
79.49 243.22
93.23 220.21
105.05 220.69
105.37 240.02
116.23 240.66
128.85 222.45
127.74 241.30
140.20 242.10
153.93 241.14
166.87 240.50
165.91 221.49
177.74 239.70
310.48 221.17
359.84 289.06
286.52 306.00
274.22 303.76
264.32 306.96
250.26 286.03
249.62 303.44
237.64 304.88
250.42 325.33
202.82 286.67
203.29 305.36
191.31 285.87
191.15 305.36
178.69 284.59
179.65 305.68
164.96 284.59
167.35 304.40
153.14 285.07
153.77 305.04
124.06 323.25
117.83 284.75
105.69 286.19
106.01 304.40
92.59 285.87
92.75 305.52
81.73 286.51
80.13 306.48
119.27 381.08
143.71 380.28
214.16 349.13
226.62 350.25
238.28 350.73
250.58 351.36
213.84 378.36
225.50 379.96
251.06 378.84
275.34 348.97
287.16 350.09
335.72 349.13
334.76 378.68
310.32 379.96
299.62 379.80
275.66 379.00
375.66 394.97
357.77 404.24
334.44 423.09
322.46 422.93
310.80 423.57
298.34 421.65
285.56 421.81
250.58 422.61
251.22 442.10
227.74 423.25
214.32 423.41
200.58 424.53
189.88 424.37
190.04 441.30
203.14 445.13
179.01 421.97
178.53 440.50
167.03 421.33
165.44 441.14
153.93 420.85
141.95 422.45
143.71 439.70
119.43 422.77
119.27 441.94
105.85 422.29
106.65 441.46
94.35 422.45
93.39 441.94
80.77 423.73
79.81 443.86
81.41 481.72
118.79 487.15
142.11 487.47
142.59 505.36
152.98 506.16
155.21 487.95
167.19 487.15
165.91 505.20
177.42 486.03
189.56 507.91
190.36 487.15
202.66 487.95
214.16 487.15
215.28 506.48
238.28 486.51
251.70 487.95
263.04 506.80
273.26 484.43
286.68 485.87
275.02 504.88
372.94 550.88
371.83 569.73
323.90 550.41
257.45 553.44
240.99 569.58
215.91 570.21
202.02 569.26
191.79 551.68
179.01 570.53
166.39 553.28
154.41 552.16
142.11 551.52
129.49 550.41
129.33 569.89
106.65 550.88
117.99 551.36
105.69 570.05
94.03 569.89
95.79 551.68
82.37 550.57
81.57 570.69
70.23 552.64
68.95 571.01
57.77 551.68
55.69 569.73
58.09 616.70
69.27 616.22
94.03 617.02
118.15 613.98
129.01 615.58
142.75 615.10
153.93 616.38
165.75 614.14
191.31 615.74
226.14 617.02
57.77 636.03
71.51 635.87
82.53 636.03
94.83 637.47
117.35 632.19
153.61 635.23
179.01 633.79
318.31 608.39
322.46 631.88
240.52 706.48
155.37 679.00
130.77 679.00
106.81 679.32
69.59 679.64
57.45 682.19
59.52 705.52
71.83 707.43
108.57 705.52
58.57 745.61
82.37 766.70
96.27 768.62
71.03 809.51
86.20 809.51
71.35 829.32
83.97 828.36
144.99 808.55
204.57 763.98
252.18 764.78
193.39 809.19
230.13 806.64
218.79 827.88
242.75 827.72
278.37 828.20
288.92 810.31