163.75 69.98
176.98 70.41
179.74 87.42
190.06 68.81
213.61 65.18
217.38 81.60
229.30 80.44
242.53 79.86
252.85 60.53
265.20 59.07
277.70 58.49
267.53 77.97
292.39 75.64
302.85 56.60
315.35 55.44
330.32 73.61
339.33 50.93
392.09 67.36
429.45 60.82
480.90 41.05
531.05 55.30
555.18 53.26
581.77 48.17
640.79 24.63
601.69 89.89
604.16 108.35
588.32 88.14
591.80 109.66
578.87 110.53
566.37 111.40
551.40 94.25
537.44 94.39
541.37 113.00
527.85 113.73
514.91 117.21
475.81 111.11
449.65 104.71
403.43 127.53
147.62 200.93
63.75 300.64
206.48 328.55
292.82 305.44
307.36 322.16
317.38 299.63
333.66 318.52
345.58 318.81
310.84 258.49
344.86 238.14
360.12 253.84
369.57 234.66
393.26 230.15
397.04 249.63
400.96 190.76
409.68 168.52
450.82 185.53
464.04 187.13
475.81 182.77
484.83 162.85
488.02 181.31
501.25 178.41
522.33 156.46
525.23 176.37
539.19 177.68
547.33 155.73
559.97 155.00
573.63 153.11
585.55 151.23
598.34 152.24
613.17 146.72
629.89 147.45
634.25 168.23
616.22 171.43
601.40 171.28
588.75 171.57
576.25 172.01
564.19 172.74
551.11 173.03
619.86 206.89
623.93 232.33
600.82 211.69
605.61 234.22
586.14 234.80
570.73 214.60
574.22 235.96
559.68 219.54
562.44 237.42
547.18 218.52
548.05 236.98
533.81 218.52
535.84 238.14
508.52 219.54
495.87 225.06
499.36 244.39
484.97 228.99
487.15 247.01
471.45 225.79
473.20 244.25
459.10 225.50
444.27 226.66
432.36 228.84
419.27 229.13
435.26 247.16
621.60 270.27
620.29 294.68
597.33 274.63
602.41 296.72
584.97 297.01
554.45 279.42
559.83 299.04
542.68 280.88
546.02 300.35
591.22 337.85
595.00 355.29
519.86 285.09
521.45 302.24
505.47 282.77
508.66 302.68
496.16 303.41
481.05 288.14
485.55 307.04
472.62 308.93
455.76 290.32
458.81 309.22
441.95 289.16
430.76 291.20
433.81 310.24
420.58 311.54
405.32 292.50
407.94 312.13
367.09 297.88
578.72 337.27
581.77 356.02
565.79 338.00
551.40 339.89
556.19 361.40
528.72 343.23
531.63 361.84
514.91 343.38
518.84 361.40
501.98 345.12
506.05 363.87
490.64 347.74
493.26 367.65
481.34 367.07
479.01 349.19
466.66 349.05
440.50 353.41
442.97 371.86
414.91 356.02
390.79 356.46
380.18 376.66
339.19 361.98
292.97 383.93
184.25 477.39
259.54 491.49
272.62 492.94
287.88 509.66
231.05 557.48
254.59 617.07
299.51 428.55
337.88 424.77
328.58 441.49
352.70 438.58
375.52 417.80
377.41 438.29
390.79 437.42
401.25 435.67
426.98 433.20
440.64 432.33
450.23 414.02
453.14 430.73
462.59 411.55
464.77 429.86
474.65 409.95
479.30 427.24
503.00 427.24
515.79 423.03
529.30 422.59
537.15 403.99
550.52 402.68
563.75 399.19
577.85 398.32
590.35 400.93
601.83 397.88
604.74 415.03
592.09 419.39
579.30 419.83
566.51 418.52
554.74 420.41
541.95 423.46
611.43 456.02
614.48 480.73
617.09 498.03
589.77 462.13
592.82 481.89
572.47 463.00
578.29 483.06
560.70 465.03
564.62 483.06
548.05 464.89
552.41 484.80
535.84 465.61
538.75 485.09
524.22 468.52
526.11 485.24
511.57 470.85
514.48 487.71
485.84 471.87
488.75 491.05
473.05 473.75
476.11 490.32
463.61 492.80
459.97 472.88
447.76 473.03
450.23 494.25
436.13 474.63
437.01 494.10
410.84 480.73
413.17 497.01
400.38 498.46
385.84 477.39
388.02 499.19
373.20 483.06
361.57 500.50
339.04 506.17
321.31 529.71
306.48 554.13
335.41 568.81
357.65 546.57
360.84 563.87
373.78 562.56
354.89 606.02
379.30 603.41
392.24 600.93
246.75 740.91
308.37 769.54
389.62 666.49
428.58 662.42
445.29 536.55
458.95 535.09
470.44 535.53
483.66 535.38
496.31 535.53
520.44 533.20
534.97 531.31
546.16 527.97
447.33 555.88
459.68 554.13
472.62 553.70
485.84 550.93
496.75 551.95
522.47 549.63
535.84 548.90
549.65 548.17
562.44 545.99
570.44 523.17
587.59 522.74
605.61 520.70
620.29 544.10
607.79 542.50
590.06 544.25
605.76 583.35
609.83 603.11
596.89 605.15
581.92 584.95
583.37 605.44
568.84 589.60
571.31 607.62
554.89 587.27
559.10 609.66
543.69 590.32
546.60 608.64
531.05 592.07
532.79 609.51
505.61 591.63
509.10 609.80
492.97 595.27
481.34 596.57
483.23 613.00
469.13 598.61
454.16 599.63
457.06 617.94
430.76 599.48
418.11 601.52
420.73 620.70
620.00 646.57
603.72 647.01
591.37 647.88
596.45 665.76
578.29 647.45
582.94 666.20
566.51 650.79
568.69 669.25
551.69 649.34
556.63 667.94
541.66 652.97
543.69 670.41
517.68 654.13
521.45 674.63
505.18 676.52
490.06 657.18
477.56 658.06
469.42 678.84
458.37 721.57
470.44 719.39
483.95 719.54
497.18 717.94
487.15 736.69
521.16 712.27
534.10 713.29
524.94 733.64
561.28 713.43
572.62 711.98
584.54 709.80
597.62 709.07
589.62 728.26
575.09 728.70
563.02 731.31
588.32 754.28
585.12 772.30
570.29 774.77
531.48 777.82
508.66 780.00
539.04 963.73
511.13 965.61
398.34 977.10
289.48 860.24