16.81 238.76
15.59 257.83
18.65 266.63
18.40 276.29
16.94 285.09
17.67 295.24
20.36 304.90
43.83 268.34
47.62 288.03
56.30 292.92
13.90 381.01
17.30 523.41
39.31 370.82
35.75 383.28
37.53 395.41
41.90 406.74
41.25 418.07
43.84 428.91
35.26 457.06
42.38 489.59
90.28 377.45
114.39 371.30
112.12 384.57
112.29 395.09
116.17 407.39
110.99 419.04
110.99 431.82
100.47 471.95
93.19 487.81
116.49 500.27
138.98 364.02
117.62 594.60
166.01 368.39
167.14 379.88
168.27 410.46
169.73 424.70
168.60 508.52
195.62 486.84
190.60 511.92
189.31 523.73
192.71 547.03
191.90 571.79
193.03 593.31
170.70 603.83
240.60 376.64
240.60 394.60
241.25 411.11
241.09 424.86
242.38 436.51
269.89 368.88
263.26 398.97
264.07 413.54
286.23 409.33
262.77 438.94
244.65 447.68
244.49 470.98
265.36 461.43
266.98 472.27
244.49 483.44
249.50 493.47
267.95 485.22
269.73 495.09
243.35 520.33
263.58 511.59
270.38 519.85
248.85 528.75
248.21 553.34
270.21 543.63
267.27 566.99
246.14 601.31
268.25 603.05
321.96 600.76
322.18 576.58
343.64 540.85
321.52 539.54
320.32 529.85
342.22 517.43
319.34 516.34
343.20 506.54
321.74 503.70
340.26 493.35
318.25 492.59
322.28 479.30
342.98 469.39
320.22 469.06
339.50 459.59
319.45 455.88
340.80 447.60
318.04 445.42
319.89 434.10
341.57 423.75
338.08 414.05
316.51 423.75
316.95 410.78
338.84 400.65
315.42 390.85
315.42 375.60
345.81 363.18
392.33 364.49
391.67 376.14
392.98 388.34
419.02 377.45
393.64 399.78
415.10 389.87
420.87 398.15
414.66 413.73
394.29 424.73
416.08 425.71
393.74 460.02
415.64 449.89
414.99 461.11
393.74 471.02
393.64 482.57
414.33 473.31
417.06 484.97
392.11 494.12
416.08 496.84
393.96 506.64
396.90 519.28
416.73 509.69
420.22 531.37
419.67 543.25
396.79 554.36
397.45 566.34
421.30 554.14
419.13 570.48
421.85 580.50
409.21 597.71
496.03 598.80
473.16 586.38
472.61 573.86
471.30 562.42
495.70 552.72
473.37 549.24
470.21 538.45
468.25 527.89
490.04 529.74
470.87 514.49
491.78 517.76
492.11 506.21
489.93 495.42
467.27 504.14
465.09 493.57
488.30 484.10
498.21 468.08
471.41 478.00
466.84 468.95
487.54 459.15
468.36 456.32
489.39 447.82
469.89 443.90
491.24 435.29
469.45 431.37
497.34 419.06
471.09 418.08
493.20 409.59
467.27 406.43
489.82 396.08
467.60 391.83
467.27 373.53
494.83 366.12
520.76 358.17
552.24 354.47
539.71 373.31
539.61 390.20
542.55 407.73
572.50 368.30
565.53 397.06
566.40 409.91
568.25 421.02
575.88 428.76
545.16 419.17
545.27 430.50
545.38 442.37
547.67 467.65
566.95 456.32
568.91 467.65
574.14 477.12
547.34 489.54
567.49 492.16
547.01 503.38
567.38 505.01
568.36 517.10
546.47 527.02
548.97 551.63
569.23 541.39
574.68 548.37
547.77 560.67
548.32 572.11
551.59 582.24
575.12 574.84
553.55 593.79
624.68 598.80
641.89 579.08
642.76 566.01
620.32 564.05
624.79 549.24
620.65 540.96
647.77 539.65
641.89 530.83
641.67 517.54
620.00 516.88
644.07 506.10
620.87 503.92
640.48 494.66
622.50 491.83
642.98 481.81
622.07 479.08
640.37 471.13
623.81 467.32
642.44 458.39
621.85 456.86
642.87 446.84
619.67 445.10
640.59 436.38
622.72 430.94
644.07 422.55
619.78 421.46
643.64 411.22
616.29 410.57
619.02 399.13
643.74 396.62
641.13 388.23
618.47 386.82
642.22 376.80
618.91 374.51
618.25 363.18
640.26 352.40
639.28 363.83
670.54 432.57
688.84 349.67
692.98 361.22
717.27 351.42
716.73 361.98
693.85 373.20
714.33 375.60
693.09 385.51
695.71 395.75
717.17 384.42
719.23 395.53
697.88 407.95
699.74 433.22
718.80 422.88
696.79 453.70
716.95 456.54
701.37 486.82
721.52 503.16
700.61 522.88
693.20 540.52
717.71 539.76
695.71 561.33
701.15 572.55
701.70 583.22
724.79 572.66
700.72 597.39
774.90 488.78
770.21 478.10
770.76 465.79
794.40 456.54
772.83 452.29
772.07 442.48
772.28 420.04
769.45 408.71
772.50 394.01
770.98 381.92
793.96 372.55
791.67 361.22
768.15 360.89
791.35 349.78
747.78 288.24
746.03 278.54
811.72 288.02
809.65 266.99
810.63 257.30
809.87 245.53
746.58 236.82
747.01 227.12
745.81 174.84
746.58 131.92
741.89 81.37