31.44 49.48
117.99 17.96
132.05 19.16
144.09 18.36
156.14 20.16
168.19 17.35
179.84 19.56
193.49 18.56
204.34 18.36
218.19 20.57
172.81 41.85
254.34 17.55
278.43 20.16
291.28 19.76
304.34 20.57
329.23 16.55
450.12 10.33
361.16 83.02
348.71 83.02
322.81 81.01
309.36 83.42
299.31 62.74
274.62 60.33
273.21 85.83
261.56 60.93
249.11 62.53
250.32 84.82
237.27 61.93
235.66 85.02
225.22 61.13
212.17 84.42
198.11 60.93
186.06 86.03
162.77 61.53
138.07 59.32
124.82 59.72
149.92 82.01
34.05 139.64
88.47 124.58
112.17 121.57
137.67 124.78
223.01 125.19
247.91 145.87
284.66 145.67
310.16 146.67
321.81 127.39
359.96 147.27
386.87 126.99
634.46 133.02
596.10 188.64
673.01 190.04
486.87 207.51
384.86 191.05
320.60 208.72
321.60 186.23
285.86 212.33
248.51 211.93
197.71 210.12
87.47 189.04
73.61 190.45
74.42 208.92
101.72 210.12
73.61 254.70
76.42 275.79
87.07 252.49
88.67 274.18
99.52 251.69
109.56 251.09
123.01 248.48
137.47 249.48
123.81 271.97
111.76 272.37
53.73 293.26
137.67 273.18
161.76 250.69
173.21 251.49
174.21 273.58
200.12 253.50
224.42 253.90
248.91 255.10
298.71 273.38
598.11 251.69
684.46 275.59
708.75 271.97
710.16 336.03
697.11 337.84
671.00 333.82
572.21 313.94
522.41 321.77
324.21 316.95
314.98 355.71
287.87 317.15
274.62 317.35
248.51 315.95
248.31 336.63
236.26 335.23
225.82 314.54
212.97 336.63
198.71 337.84
194.09 358.52
199.72 314.94
184.66 317.15
185.86 335.23
174.42 317.35
174.42 337.23
160.96 315.55
147.91 316.55
147.91 335.43
137.27 337.03
136.87 314.74
125.22 316.95
122.01 335.02
110.76 315.55
98.51 316.55
103.93 336.03
87.87 317.55
87.27 338.04
73.01 314.34
82.65 380.00
106.34 381.21
120.20 378.00
137.87 379.20
95.30 401.49
175.42 378.20
174.42 399.68
201.32 378.00
198.91 402.49
184.66 421.97
212.57 401.89
223.41 400.08
238.07 379.20
236.66 401.29
249.52 379.00
262.97 380.61
260.56 398.88
274.21 378.40
273.21 401.29
285.66 400.69
298.51 379.60
298.31 402.29
314.98 420.17
323.61 399.88
397.51 399.48
708.15 382.21
683.65 443.46
684.46 464.94
711.36 460.13
658.75 444.86
646.70 466.15
634.46 463.34
359.15 464.74
323.81 440.65
310.96 461.73
286.26 463.54
274.21 463.74
274.01 442.86
249.52 441.85
237.07 431.81
225.02 442.86
236.06 462.94
248.91 463.54
225.02 463.34
200.32 442.66
201.32 463.74
187.47 443.46
174.01 444.06
175.62 464.54
163.37 442.25
161.97 464.94
150.92 440.25
149.72 463.54
137.87 442.45
138.27 462.53
125.42 442.05
113.37 441.85
111.56 461.73
125.22 463.74
100.32 443.46
99.11 463.14
88.27 439.44
75.42 446.27
86.66 464.34
99.11 505.91
114.17 504.10
126.62 506.91
149.72 504.50
148.71 526.19
93.09 525.59
160.96 528.20
162.77 508.12
174.42 508.52
175.02 528.60
182.65 483.82
187.07 507.51
185.86 527.80
200.12 525.59
198.91 504.90
212.17 505.31
224.42 506.31
235.86 505.91
248.11 505.11
248.11 526.39
261.97 504.10
284.46 507.92
310.96 505.51
323.41 525.19
472.01 549.68
659.56 506.91
708.75 528.40
597.31 512.13
709.36 570.97
697.31 590.65
683.45 569.96
634.66 570.77
520.00 609.92
435.86 589.84
398.71 572.37
248.11 571.17
217.99 604.50
198.51 570.17
186.66 570.97
174.01 570.77
161.16 568.76
162.77 590.85
148.71 565.55
137.67 566.35
136.66 588.84
124.82 570.37
112.57 567.15
113.77 590.25
99.52 591.25
87.47 568.96
73.41 570.37
60.36 572.37
48.91 590.04
61.36 591.05
72.21 590.85
143.69 617.96
22.61 632.41
35.46 634.02
49.11 630.21
25.22 654.30
37.67 654.70
48.71 654.10
62.17 652.90
73.21 655.91
73.21 633.42
88.27 632.82
86.06 655.51
98.11 633.02
99.31 655.91
111.97 655.91
110.96 634.42
124.82 632.82
124.01 655.51
137.47 637.03
160.76 632.41
172.81 652.90
236.26 630.81
261.56 632.01
285.66 635.02
533.25 680.21
633.65 635.83
648.31 632.21
560.76 652.90
522.21 635.63
621.40 655.31
633.25 655.10
646.50 655.10
657.55 653.70
673.01 653.70
683.85 655.71
683.65 634.02
697.51 632.82
698.11 653.30
116.19 186.18