113.12 12.17
126.63 13.97
151.86 14.20
182.49 12.85
223.70 13.07
336.09 60.82
304.33 62.85
278.88 75.69
254.11 77.71
255.91 54.29
233.61 78.61
220.32 79.29
205.01 80.87
208.39 57.89
193.75 57.67
183.16 57.89
183.61 77.04
161.32 59.02
162.22 77.26
150.05 59.02
136.54 75.01
124.83 58.79
113.12 57.67
53.43 31.99
54.33 42.13
56.81 50.46
49.83 74.33
54.11 123.21
89.47 106.77
119.65 91.68
99.70 124.72
111.52 123.87
122.82 121.81
124.70 142.36
55.01 138.59
76.07 145.27
160.15 121.64
181.55 123.87
194.39 122.67
208.09 121.30
194.91 140.13
184.29 140.82
208.60 141.67
244.39 120.61
258.78 118.04
254.50 138.25
280.18 138.25
291.48 137.56
302.78 124.21
303.81 141.33
477.10 102.97
524.87 170.27
335.15 186.02
336.17 217.70
314.43 217.36
292.17 238.42
267.00 218.90
255.35 220.61
242.68 221.13
228.98 219.76
205.69 219.93
194.05 219.93
148.33 219.07
134.98 217.02
124.02 219.07
111.86 218.73
100.73 216.84
33.78 261.54
30.35 283.28
99.36 260.85
111.34 259.82
124.70 261.37
136.00 264.79
149.87 263.93
159.63 263.93
181.21 265.30
193.02 264.96
215.97 262.39
242.34 263.59
101.76 281.91
113.06 282.26
124.02 281.06
135.83 282.94
162.03 281.91
180.69 285.17
204.32 284.82
289.26 262.73
333.95 265.99
312.03 283.63
356.89 285.85
419.05 222.67
506.21 343.90
356.04 330.89
298.67 332.26
226.93 348.69
216.31 330.03
203.98 331.23
204.32 352.12
193.88 348.35
179.32 328.66
180.87 347.15
159.12 328.49
159.80 346.64
134.80 330.71
124.36 329.00
110.49 328.15
99.19 329.52
87.37 328.83
76.58 327.12
64.77 327.63
50.21 328.66
30.18 327.98
39.77 329.00
27.10 346.13
38.91 346.30
50.21 346.13
61.17 346.30
73.33 346.64
110.66 348.01
129.15 345.10
49.36 392.02
62.20 391.84
85.32 393.73
98.67 393.04
111.69 391.33
146.28 393.56
158.95 394.93
204.32 387.56
228.47 393.21
239.60 392.87
28.98 393.39
38.91 392.53
32.92 412.91
85.49 410.51
109.80 410.85
124.19 408.45
148.16 413.25
158.61 412.22
180.87 413.59
228.47 411.54
275.56 413.76
288.74 412.39
391.48 492.02
263.57 489.62
240.45 490.47
216.31 490.13
192.17 489.79
157.75 489.11
145.42 491.84
167.00 492.36
133.60 488.42
110.32 487.91
97.30 490.82
83.95 489.62
27.61 457.26
85.83 458.11
96.62 455.71
108.43 456.91
123.16 455.20
134.80 456.74
145.42 457.26
157.23 457.77
178.13 458.63
193.02 459.82
204.15 459.31
252.78 456.40
36.86 534.14
50.73 534.31
62.71 535.17
73.33 534.31
83.95 534.82
49.19 553.15
61.86 552.80
87.03 559.14
108.95 536.71
121.28 535.34
132.75 534.65
144.74 535.34
157.41 532.77
109.97 563.76
134.63 554.69
146.11 553.83
191.14 536.19
191.65 555.71
215.11 536.88
238.23 537.39
309.46 556.91
23.50 594.24
50.04 599.89
73.50 599.55
24.02 612.39
47.99 621.30
86.86 617.87
132.58 601.95