38.59 71.38
71.97 140.28
345.15 15.74
298.50 15.43
225.56 152.43
340.75 126.35
348.41 128.03
357.50 128.51
335.25 146.09
324.01 145.49
327.00 123.72
349.01 145.13
359.89 144.89
400.32 144.42
420.30 145.73
466.35 86.40
449.84 130.66
460.25 147.77
471.73 148.36
482.50 143.58
557.26 148.36
567.91 128.87
568.03 148.00
580.83 147.53
591.47 128.51
594.22 149.56
649.72 127.19
665.99 150.28
676.28 147.41
664.80 76.35
700.44 75.40
749.37 124.32
746.02 131.74
747.21 142.62
744.22 153.75
719.46 189.03
484.05 193.34
471.61 191.19
458.94 193.10
459.41 213.20
448.17 213.32
424.13 212.00
410.49 211.88
410.97 190.11
398.65 189.51
384.89 214.03
362.64 187.00
302.95 209.73
161.09 208.77
102.24 211.16
148.41 272.88
182.98 272.77
266.23 273.00
265.28 252.31
300.44 251.35
300.08 272.88
372.81 272.17
385.97 271.81
411.69 273.84
422.33 273.72
423.05 256.14
446.61 273.84
457.98 275.88
457.74 256.26
470.30 274.32
484.05 275.88
482.62 254.46
481.06 237.60
396.11 251.92
397.54 271.60
455.90 312.91
476.53 339.36
461.71 337.51
450.21 339.36
437.77 340.82
419.52 339.89
417.40 320.84
393.86 336.98
382.35 337.11
383.01 319.79
405.50 341.88
371.50 319.65
370.71 338.70
337.38 319.92
326.26 340.16
337.51 339.63
299.02 317.14
301.13 339.50
280.63 320.58
280.89 340.42
254.17 334.73
233.28 336.32
183.67 334.47
149.41 338.04
101.93 333.41
208.28 420.05
240.68 396.37
267.93 385.00
299.28 380.10
300.74 402.85
327.46 404.18
327.98 385.26
338.30 383.28
351.53 403.91
360.66 408.01
374.81 382.75
386.71 385.13
385.66 402.19
400.34 386.45
398.36 403.52
420.31 380.63
420.58 400.21
434.73 385.92
432.22 402.99
443.59 383.15
458.01 384.60
472.16 384.60
458.94 404.18
481.03 453.12
482.75 470.18
469.78 450.74
468.86 468.73
456.69 449.42
444.12 467.14
422.83 448.22
421.24 468.86
411.19 451.93
410.39 470.18
397.96 471.11
396.37 446.90
385.52 447.17
372.56 448.09
336.85 467.01
311.58 444.52
311.85 466.88
299.94 449.94
298.88 468.60
278.25 446.24
254.70 463.70
229.57 446.11
218.99 442.93
99.94 449.15
123.62 513.57
182.88 513.97
228.12 527.33
239.89 508.81
251.66 511.58
264.89 532.62
275.07 512.51
276.66 531.29
297.30 510.79
296.64 531.43
313.70 532.62
337.38 530.90
350.07 530.63
360.79 530.76
361.98 510.00
374.55 509.20
373.09 531.03
384.60 526.27
395.05 509.60
396.24 530.76
408.41 511.32
408.81 532.22
419.92 514.36
418.86 533.54
432.09 532.09
431.82 511.85
442.27 513.44
456.95 530.10
478.65 511.32
467.40 534.20
547.96 563.44
452.72 575.21
461.58 562.91
474.68 597.17
463.70 597.03
445.05 596.77
435.66 598.75
400.47 576.27
400.34 596.77
410.39 590.82
387.11 574.81
375.07 577.06
372.03 595.58
360.79 596.37
326.40 579.71
324.94 598.36
319.12 613.30
295.05 626.53
308.14 575.87
310.39 596.77
295.97 577.46
294.39 599.02
270.97 595.84
271.77 576.93
257.88 578.12
256.69 596.64
244.52 577.99
244.92 594.65
226.66 596.51
192.14 593.86
178.65 595.45
177.46 574.15
130.76 571.90
108.01 571.24
47.56 607.09
106.03 611.58
68.46 646.24
154.70 619.52
192.14 643.73
219.39 641.08
295.31 666.35
307.75 643.20
321.50 643.07
319.65 667.27
330.89 664.76
335.26 641.08
343.06 663.70
354.70 666.74
358.94 639.36
349.41 619.65
364.23 664.63
374.41 643.86
388.70 639.89
392.53 665.69
404.70 641.88
417.80 642.01
419.65 667.67
437.11 640.02
436.45 667.67
456.56 640.02
456.69 664.89
477.19 670.05
338.95 254.31