59.42 173.53
443.11 317.58
90.93 152.01
102.59 146.78
113.18 141.55
124.04 136.32
132.35 128.81
143.20 123.45
154.87 115.95
165.59 112.19
176.98 105.62
186.23 96.64
196.96 93.02
208.75 91.42
230.20 77.61
337.71 65.28
339.72 86.32
281.14 93.43
267.47 98.92
285.97 115.14
252.99 113.13
240.26 119.16
260.90 127.47
241.33 139.94
220.68 150.40
189.72 148.39
209.69 157.64
197.63 163.13
173.37 152.94
186.77 168.76
163.98 159.65
178.06 176.00
151.92 166.88
168.67 181.63
146.02 174.66
158.75 187.53
136.77 181.63
146.15 194.63
125.91 185.38
136.23 201.33
112.24 191.28
117.06 205.49
198.57 193.29
193.74 140.61
129.93 249.19
146.69 261.66
158.49 256.70
157.68 231.09
168.00 229.35
168.81 252.68
146.69 235.38
178.59 225.06
179.93 242.22
189.85 239.14
187.98 214.87
213.31 224.66
211.44 201.47
222.43 199.06
222.69 217.15
232.88 193.96
233.69 213.27
243.87 188.60
244.54 209.11
254.20 182.43
254.73 201.74
265.19 174.93
265.19 197.72
274.71 167.96
296.96 154.95
297.23 177.74
307.95 169.57
307.82 149.46
320.28 143.69
328.86 136.72
338.91 129.08
349.24 122.92
385.97 126.54
409.02 159.78
422.83 173.59
401.11 165.81
378.99 176.00
357.01 187.66
338.91 201.33
330.87 206.43
304.33 219.03
295.22 224.12
309.69 239.27
293.74 244.90
272.83 236.99
265.32 242.76
252.59 248.12
263.58 262.60
240.93 254.28
253.93 268.90
231.14 260.18
209.96 272.78
232.48 281.23
221.76 288.33
160.90 278.81
176.72 289.94
191.19 306.70
170.82 298.79
175.91 316.35
187.98 361.12
201.25 348.92
201.92 368.49
213.45 364.07
222.56 336.46
234.09 330.83
233.95 352.27
222.43 381.36
222.29 356.29
245.88 346.78
244.01 322.65
264.52 335.79
275.64 326.54
274.97 303.48
285.03 300.26
296.96 292.09
307.01 286.19
309.16 308.31
330.47 298.12
307.28 329.89
383.15 240.34
448.43 208.04
463.45 221.17
487.98 251.07
501.25 267.29
488.91 274.93
477.65 280.56
463.85 286.46
431.54 284.85
333.82 339.40
347.36 353.88
310.23 348.52
301.92 358.57
291.33 365.54
280.34 370.37
292.53 385.12
272.29 376.94
259.02 382.97
281.27 391.55
271.49 397.31
247.23 389.27
258.62 403.35
238.78 395.44
247.76 409.38
239.45 415.95
277.12 444.90
287.31 435.92
298.97 428.28
320.15 420.10
322.29 439.67
278.32 464.87
264.52 447.45
351.52 400.13
416.80 360.85
480.60 322.65
492.94 319.97
516.80 306.03
529.53 299.32
539.45 317.42
517.07 329.49
543.61 383.91
533.15 390.61
524.17 394.63
497.49 410.45
450.58 436.86
418.27 425.87
388.38 445.03
396.42 467.55
338.11 478.41
359.69 489.00
330.87 505.09
311.57 488.47