20.98 19.27
23.32 29.91
23.92 39.18
22.31 62.01
25.62 72.54
21.46 85.19
23.24 97.16
24.73 117.04
22.51 128.39
24.14 157.15
45.97 157.60
23.55 190.34
22.96 201.84
22.22 213.94
22.66 236.21
22.22 224.41
22.66 270.43
22.66 420.72
109.54 600.52
91.67 293.59
93.96 308.18
96.25 319.95
82.31 336.40
159.61 301.94
139.18 340.76
160.26 333.95
161.93 344.74
158.71 368.27
163.34 387.42
207.74 300.64
229.01 300.03
229.87 310.42
208.96 312.14
228.03 340.13
205.66 329.13
204.93 340.86
206.52 353.82
208.60 365.93
209.09 378.40
204.32 386.10
269.48 275.95
323.51 279.86
299.18 300.52
275.34 313.97
276.81 300.03
276.69 343.92
296.25 333.41
297.11 346.61
298.82 354.80
276.44 376.93
298.45 377.78
298.21 390.13
276.32 365.93
278.28 398.44
278.03 410.06
415.08 458.71
344.78 395.39
345.39 382.43
342.22 369.23
346.98 360.55
346.25 347.71
370.82 358.71
367.15 337.07
344.90 324.73
346.37 314.34
366.66 325.46
347.96 304.92
367.52 316.05
366.66 302.23
415.44 304.07
414.10 316.54
414.46 337.32
416.05 357.98
415.69 370.33
71.84 20.84
70.84 33.59
71.55 43.48
73.42 56.52
70.98 65.97
70.84 78.15
69.98 90.61
69.98 100.07
93.62 19.55
93.04 30.59
93.76 43.05
93.04 53.80
91.32 76.57
93.19 87.61
92.04 99.50
94.76 112.10
74.42 140.04
92.90 151.93
71.84 152.65
92.47 164.54
72.13 164.25
94.33 175.43
71.55 174.57
93.04 187.03
71.12 187.03
91.61 198.78
92.61 208.67
95.34 220.99
69.98 197.21
70.84 209.53
70.84 222.56
93.19 232.74
69.41 233.59
140.32 186.17
142.47 196.92
159.81 178.87
164.25 188.18
162.96 199.50
166.97 209.67
139.89 233.59
162.10 223.14
160.09 234.88
161.67 147.92
162.67 135.03
140.04 147.06
142.90 135.17
142.47 122.71
142.47 111.82
162.96 112.82
164.25 101.50
186.45 42.05
162.67 25.00
160.81 37.18
141.61 34.17
140.47 46.49
140.47 58.09
139.61 68.70
140.75 78.15
139.61 90.47
161.96 92.05
161.24 79.58
159.52 69.84
164.25 56.37
163.24 46.20
210.38 22.28
209.09 34.60
209.81 46.20
209.09 55.94
211.53 68.70
207.94 77.43
207.23 89.04
205.08 97.49
208.37 111.25
210.67 121.85
207.94 134.31
232.87 14.11
233.16 36.60
234.30 46.49
232.73 57.81
230.87 67.41
231.30 79.01
232.30 90.61
232.87 102.51
254.79 116.26
232.59 112.82
230.15 122.56
229.29 135.03
229.00 147.49
213.53 169.41
232.16 176.86
211.96 178.29
229.58 185.89
252.93 193.34
211.10 189.76
230.72 199.78
231.01 211.39
206.65 209.96
208.95 220.41
230.29 235.17
247.92 232.59
208.95 235.89
279.58 234.02
300.64 235.17
298.63 223.71
301.50 209.96
277.14 222.13
278.00 211.25
299.20 202.22
276.43 188.47
277.00 200.21
296.63 180.30
297.49 189.90
278.72 146.35
298.63 138.47
279.29 135.03
301.93 126.29
278.86 124.28
302.07 114.25
326.14 92.05
279.15 112.10
281.01 101.07
299.49 92.62
279.86 90.47
259.95 73.28
271.98 27.00
275.71 58.81
278.00 69.55
278.57 79.73
299.35 16.12
297.34 28.72
298.78 46.77
296.91 60.10
301.07 67.98
299.92 81.16
343.62 26.00
346.05 38.90
370.69 41.47
371.27 51.79
346.20 49.78
346.20 61.96
368.55 73.14
396.63 59.53
347.34 73.57
366.68 82.88
343.90 84.74
348.92 96.49
370.41 107.66
346.91 106.23
368.55 119.55
345.48 116.69
367.97 129.73
345.05 148.21
363.96 156.23
345.91 160.67
365.82 171.13
342.33 169.98
367.97 183.31
369.12 192.05
344.76 182.59
346.63 194.48
367.40 204.65
344.76 203.65
366.97 214.68
343.04 214.40
366.54 226.86
346.48 226.72
368.55 238.90
346.91 240.33
414.10 238.32
437.74 240.61
467.40 230.87
438.32 228.58
436.17 206.37
435.31 196.78
436.02 184.74
435.31 173.28
414.96 182.88
415.97 193.19
418.55 139.33
437.60 132.31
417.40 129.01
418.12 117.69
413.96 109.10
417.69 96.20
415.97 84.17
416.83 74.86
417.40 63.39
418.12 51.93
415.54 40.90
414.82 21.99
440.47 8.52
437.03 31.16
438.60 41.47
438.03 53.51
435.74 65.83
438.60 76.57
439.75 86.03
444.62 95.63
437.17 108.52
438.46 119.41
469.55 136.75
487.89 15.26
488.32 28.15
489.61 48.92
490.04 60.67
534.45 9.67
534.59 35.74
513.39 127.72
510.81 139.61
510.95 150.64
510.67 163.11
511.67 173.85
522.27 227.58
537.17 228.01
550.78 228.01
562.39 228.29
601.64 207.09
592.47 228.58
604.51 226.29
619.69 228.58
632.87 229.15
645.62 227.86
661.24 229.15
560.81 72.28
561.96 84.88
559.23 95.20
560.67 105.80
559.09 116.98
557.51 126.29
559.09 138.75
557.94 149.64
560.09 161.68
561.96 176.43
581.73 173.85
580.87 160.53
581.30 150.07
580.44 141.04
582.73 130.16
582.16 116.26
581.15 105.23
581.58 93.48
582.59 83.02
664.39 17.55
629.15 55.66
628.57 67.41
629.86 78.01
629.29 88.90
627.57 102.36
629.15 113.11
632.30 122.85
628.29 136.32
627.14 147.63
629.00 170.27
652.36 158.81
651.50 146.78
649.21 125.72
653.22 112.96
649.49 102.08
648.92 92.62
650.21 80.16
649.78 70.27
650.21 57.52