225.86 326.53
246.09 635.07
337.65 574.88
602.35 525.64
91.83 223.16
240.84 429.62
268.21 359.22
621.49 563.26
161.74 352.38
611.51 546.03
397.00 110.25
108.63 348.18
442.30 564.75
629.73 578.70
297.45 303.90
431.73 299.39
298.74 462.87
456.23 566.37
468.12 418.48
527.06 488.17
466.50 249.10
350.81 407.66
257.07 384.95
351.20 302.74
454.24 506.98
260.79 394.26
196.88 412.26
323.43 356.22
379.09 350.88
52.97 148.18
380.98 84.66
539.19 393.57
363.04 431.50
527.68 549.77
410.90 420.29
418.21 430.39
533.55 385.58
239.01 343.21
210.19 387.67
454.93 391.42
401.32 119.30
514.34 461.06
493.54 299.89
389.85 483.75
330.10 523.58
484.35 452.64
343.51 286.19
354.88 311.45
550.68 543.37
346.77 295.09
187.38 395.12
68.67 175.29
171.72 371.79
338.48 275.59
100.76 244.08
537.06 568.82
241.89 505.22
286.53 385.29
570.40 453.71
563.40 571.08
142.34 417.88
422.47 575.05
310.33 329.86
606.32 536.95
350.93 578.04
222.70 317.09
296.19 355.82
200.80 373.55
172.28 478.23
426.57 246.31
289.99 287.63
128.54 392.01
286.94 395.98
214.89 451.89
303.44 313.16
330.05 365.38
410.77 526.23
590.01 499.14
381.90 363.39
625.56 571.17
521.04 470.63
393.66 384.39
374.96 514.94
479.62 273.98
476.51 434.78
606.37 598.18
193.93 520.64
413.29 216.31
341.74 388.35
406.52 127.75
418.50 142.40
247.29 368.27
322.45 452.57
197.51 529.20
401.26 254.18
542.15 578.01
423.84 150.90
179.23 338.51
375.60 291.96
470.95 257.09
406.81 307.10
615.37 554.68
76.70 197.92
195.68 305.41
560.56 561.57
243.42 310.73
486.59 403.11
416.07 249.30
405.19 403.91
141.99 368.06
618.76 597.52
391.48 102.75
329.92 546.90
385.85 94.43
386.38 577.60
421.93 129.71
533.94 559.41
537.83 442.87
397.43 577.04
585.41 606.68
596.12 604.06
574.46 611.00
111.91 358.09
116.09 367.94
119.67 376.44
122.66 382.86
131.76 400.62
136.84 408.83
146.54 423.76
149.82 434.95
154.75 445.10
158.78 452.71
163.41 459.58
167.44 468.09
176.69 484.35
180.12 493.61
184.90 503.46
191.47 510.92
309.38 566.44
325.64 571.52
238.48 494.95
234.60 486.00
229.23 476.74
223.26 467.49
222.66 459.13
211.32 441.22
201.61 420.77
179.82 378.83
161.02 344.21
185.35 346.15
191.02 356.15
195.35 363.46
215.79 398.24
219.08 407.64
238.18 443.91
241.91 453.46
243.41 462.56
252.06 469.73
254.15 479.13
258.93 488.24
325.64 514.65
319.97 507.04
316.99 497.64
311.47 488.53
308.48 481.82
302.96 472.27
297.14 452.41
290.42 447.94
284.90 440.47
279.82 431.52
273.56 409.43
241.76 350.77
248.48 318.98
253.85 326.59
258.48 336.15
262.51 343.76
273.56 370.03
302.51 421.52
305.94 431.22
327.14 472.41
332.51 481.22
338.78 492.71
341.32 499.88
346.84 506.15
351.61 514.50
352.06 523.76
404.60 517.49
401.76 509.88
400.87 500.18
392.96 492.56
385.94 475.85
380.72 465.10
375.94 457.04
371.91 447.04
367.44 439.28
355.05 415.40
319.38 347.04
313.11 337.64
307.73 320.47
294.90 292.56
360.72 318.24
364.90 328.24
369.67 335.55
423.70 448.24
429.23 456.30
431.76 466.44
438.18 473.01
441.91 480.92
446.09 491.82
451.32 497.49
555.79 551.37
507.14 494.36
505.20 485.40
500.87 477.64
524.90 479.13
496.39 469.13
490.72 461.22
506.69 446.15
505.50 436.44
500.12 428.09
494.60 420.32
451.32 383.01
471.91 375.25
442.66 366.59
416.69 313.31
421.17 322.56
423.26 333.76
430.27 339.88
432.81 348.68
437.88 357.19
438.63 306.74
444.45 314.65
446.09 323.61
449.67 332.86
452.36 342.27
459.67 349.88
464.90 357.94
467.58 366.30
475.35 263.91
486.39 281.37
489.97 290.47
497.73 307.04
498.63 315.55
506.39 325.70
508.78 333.61
516.39 340.92
520.27 350.62
525.79 358.83
529.97 366.44
532.36 376.74
545.05 400.47
553.56 416.89
556.69 425.70
561.32 436.00
566.24 445.40
576.09 461.07