689.87 1069.23
1078.37 463.29
913.60 631.97
981.15 412.90
958.29 369.47
494.44 684.78
813.72 387.61
583.72 756.21
806.25 162.01
863.07 342.35
757.76 209.29
484.47 692.70
548.90 725.30
685.72 740.34
807.78 192.04
535.84 784.72
827.88 571.85
826.71 341.28
862.11 310.64
741.11 695.50
601.00 591.73
715.32 673.78
863.10 475.18
934.75 550.85
767.79 684.88
791.76 309.74
607.14 185.44
822.18 379.14
1181.85 344.45
849.07 676.27
921.65 258.76
865.87 302.08
927.15 460.92
721.13 682.83
813.28 288.06
840.08 362.39
829.87 372.56
810.25 557.07
928.52 524.20
933.11 375.84
720.26 737.81
762.03 302.89
836.18 334.69
847.98 585.85
952.32 454.36
580.94 728.47
376.94 884.26
838.00 579.25
583.98 607.74
732.12 261.76
807.72 299.43
878.74 322.30
804.17 268.54
977.95 320.58
825.65 476.58
880.57 489.47
948.13 475.09
895.87 414.49
766.67 229.23
614.46 864.68
953.78 391.50
791.09 512.23
695.25 746.61
978.00 383.20
706.40 255.71
812.57 260.42
673.77 705.49
418.22 876.35
655.35 206.67
818.74 565.25
797.11 200.19
536.08 648.30
919.78 287.08
569.94 720.98
600.02 740.07
696.54 194.32
731.50 658.15
636.04 965.63
646.17 213.53
1077.23 541.73
895.64 586.24
714.85 248.57
696.59 167.80
782.70 539.82
615.22 985.20
878.01 296.62
676.12 734.41
783.58 318.85
842.50 463.58
590.57 198.82
875.15 511.85
838.65 546.62
922.58 435.68
866.59 568.72
769.03 294.72
670.94 219.05
854.90 500.03
968.28 376.76
921.44 516.38
607.09 945.02
628.84 761.14
815.10 185.15
1020.40 612.97
857.08 683.68
664.58 229.50
729.61 744.60
811.11 359.09
874.67 666.82
619.09 752.87
885.09 612.00
820.38 352.17
605.92 922.84
905.24 533.89
860.27 213.79
699.61 725.09
970.32 487.14
741.69 569.37
894.96 310.22
548.59 787.85
165.26 697.82
683.58 623.66
954.45 484.16
920.79 638.93
929.21 279.50
639.87 940.46
910.62 264.73
546.62 640.89
713.98 759.43
944.67 556.59
881.64 188.18
858.91 559.71
779.60 692.69
802.21 713.46
792.16 546.45
716.43 181.95
901.45 627.78
592.51 599.93
593.56 762.75
829.82 538.10
947.81 790.44
949.22 363.40
820.70 281.25
550.77 819.41
819.67 250.14
1047.93 238.49
699.15 263.99
964.83 397.04
787.01 700.38
884.54 673.66
529.23 656.12
840.19 265.61
817.96 626.33
680.56 211.17
941.40 384.16
868.81 236.32
854.72 349.45
509.66 669.22
990.88 419.03
758.64 238.39
883.96 409.25
519.09 662.98
529.90 776.32
811.33 646.07
613.85 175.49
802.18 667.76
903.78 686.43
874.42 198.01
912.95 694.14
1078.96 479.07
903.01 594.03
900.60 503.04
409.72 869.77
234.09 749.43
812.48 526.72
1061.79 559.97
556.47 147.26
933.41 612.32
1012.72 524.65
851.24 222.04
833.37 457.25
884.24 217.36
639.18 767.16
779.80 805.79
144.69 685.67
834.82 638.78
250.50 760.06
769.18 770.41
812.51 719.17
987.37 391.80
637.28 995.67
906.37 714.68
525.33 166.06
772.57 195.30
656.49 947.00
992.68 591.23
895.25 777.82
550.24 193.01
802.71 394.03
1154.95 292.28
877.31 729.27
660.97 809.49
986.68 328.95
941.28 654.43
829.50 310.35
1049.44 459.70
998.15 399.97
967.47 550.33
666.00 786.88
1053.53 438.99
554.56 631.14
949.95 536.91
985.45 503.62
957.69 256.30
1033.76 537.04
570.71 831.64
501.63 784.59
1006.13 437.23
1058.20 528.28
952.67 628.05
989.14 564.48
786.97 782.63
784.48 573.94
695.77 837.10
1004.89 343.25
635.62 218.33
712.43 152.36
608.81 101.16
724.47 240.62
739.84 252.66
690.44 270.44
716.64 276.46
725.38 268.33
748.57 311.10
769.66 329.17
785.02 280.68
792.85 271.64
832.00 272.85
835.92 236.40
845.26 230.07
860.92 242.12
852.49 247.54
894.35 182.79
928.39 249.95
1030.80 274.05
923.90 369.33
938.51 356.41
1035.42 424.81
937.25 469.33
908.03 448.96
918.29 453.32
891.46 433.80
897.78 442.08
914.07 426.91
903.82 421.15
880.22 428.18
869.69 420.73
851.99 469.47
837.53 484.78
846.52 490.82
818.71 471.30
866.32 503.32
871.80 483.66
889.49 496.72
914.35 537.87
952.28 563.43
981.77 647.70
960.56 667.22
876.43 605.14
856.35 592.22
877.28 573.40
849.18 553.32
803.96 520.17
769.27 531.13
731.77 562.17
715.06 578.32
726.15 582.95
749.47 578.88
735.14 591.24
760.28 584.50
744.69 600.79
753.96 605.99
769.97 593.06
778.26 599.67
764.63 611.75
772.50 619.05
788.37 605.99
797.08 610.76
783.03 624.81
803.26 639.98
846.66 645.31
869.97 637.31
832.19 660.90
866.60 660.20
804.47 797.70
756.02 764.74
743.85 750.14
726.60 764.74
740.53 778.23
700.93 816.06
684.78 711.42
672.83 617.17
657.79 631.55
668.19 636.86
679.03 645.27
695.40 628.90
702.70 638.63
711.55 644.60
720.40 651.68
739.43 664.07
747.39 672.70
757.57 680.00
684.34 653.68
695.40 660.09
706.24 666.29
612.88 582.88
503.59 677.57
477.48 700.80
614.87 663.63
626.60 670.93
635.00 679.12
642.97 685.09
600.93 678.01
611.55 682.88
619.74 690.84
627.70 700.14
638.10 703.68
658.90 718.94
667.08 727.57
567.97 740.84
592.08 731.77
557.79 731.99
562.22 712.30
506.91 761.42
493.41 776.02
675.27 957.44
606.02 872.26
219.07 733.76