77.73 30.38
106.47 36.51
108.77 49.73
103.02 57.96
105.32 67.93
133.29 72.14
101.49 75.78
99.96 84.02
99.00 94.74
98.62 104.52
75.82 98.00
74.09 111.80
74.29 120.61
73.33 137.66
97.47 113.90
123.33 128.27
97.47 122.91
95.93 131.14
95.74 140.34
94.40 150.30
94.21 160.07
67.77 164.29
90.57 168.31
91.34 186.12
86.16 195.51
61.83 199.53
62.22 210.45
58.96 228.84
59.73 219.07
82.14 220.61
84.25 231.72
55.70 237.66
77.93 240.15
78.12 250.11
78.12 260.07
77.93 269.27
54.55 245.89
53.60 256.05
51.87 265.43
50.72 274.63
50.91 284.78
71.22 296.85
51.49 324.82
52.45 353.75
47.47 368.69
48.81 378.46
46.89 387.27
44.98 402.41
40.76 417.54
41.72 427.12
67.58 446.85
78.88 448.38
88.65 449.73
108.96 452.60
119.88 453.75
106.47 391.87
109.53 382.48
113.17 374.25
113.37 365.63
115.86 357.20
115.86 347.81
119.31 337.47
121.99 328.46
144.40 330.57
139.99 339.00
138.84 347.62
138.65 356.81
136.16 367.16
135.40 374.44
131.76 385.55
128.88 393.21
125.44 401.83
123.71 301.07
120.65 312.75
146.12 311.22
124.67 289.96
125.63 279.23
147.85 284.59
150.91 277.12
152.45 267.35
128.12 262.75
148.04 301.64
128.69 253.56
133.48 246.28
157.04 239.96
157.24 248.39
130.99 235.93
134.63 227.31
158.96 230.95
135.78 217.54
156.66 220.61
141.34 210.45
138.27 198.00
162.41 191.68
165.09 176.16
167.96 168.31
166.62 158.16
141.72 173.48
143.44 164.29
145.17 154.90
146.51 145.13
148.42 135.74
146.89 125.97
153.60 106.62
155.70 92.06
154.17 77.89
163.75 54.90
159.92 64.67
182.33 63.90
181.57 75.40
179.27 84.40
177.93 113.52
174.29 122.71
172.94 129.99
172.94 138.62
170.07 149.15
233.10 79.23
259.15 77.89
258.96 88.62
224.48 109.30
252.83 114.09
225.05 123.10
222.94 133.25
253.21 134.59
270.07 154.32
215.28 173.86
240.19 175.20
214.52 197.04
213.94 206.81
211.45 217.93
210.68 229.23
206.28 243.98
207.43 255.47
238.46 199.15
235.78 211.03
234.44 219.84
232.71 229.04
231.76 238.23
227.16 249.92
225.05 264.29
224.86 271.57
223.14 281.72
223.14 290.53
219.50 298.00
220.26 309.69
200.34 290.53
201.87 301.26
191.34 334.97
214.71 337.66
191.34 345.51
193.06 355.28
192.87 364.29
215.09 367.35
189.99 373.86
188.46 384.98
211.45 386.89
186.16 394.94
202.06 419.27
170.65 478.27
200.53 504.32
219.11 504.52
229.65 504.52
239.42 506.62
248.81 507.20
259.53 510.45
272.37 510.07
290.38 503.75
319.69 498.19
251.49 450.11
274.09 455.47
277.54 437.27
254.94 404.52
286.74 373.67
288.85 344.55
270.45 324.82
273.71 316.97
272.94 306.62
299.00 310.65
274.29 287.27
277.73 279.80
279.84 270.80
280.61 260.65
284.06 252.41
287.31 242.83
285.21 231.53
311.45 236.70
308.00 245.13
307.43 254.52
307.62 262.56
302.83 273.67
301.87 283.25
299.96 291.87
293.06 208.16
316.24 209.69
316.43 189.96
317.77 182.29
317.96 173.48
320.07 165.43
322.37 155.66
321.99 146.66
325.05 134.97
327.54 125.97
333.67 111.60
332.91 99.53
330.42 90.34
332.91 81.34
336.55 73.67
309.34 78.65
305.90 86.70
307.43 96.09
307.04 105.66
302.06 122.71
304.55 134.78
300.34 144.74
297.08 157.20
298.23 165.24
297.66 175.01
339.61 40.72
387.70 79.04
386.16 88.23
385.78 97.24
383.48 105.86
379.65 114.09
377.73 124.25
375.82 132.87
377.73 142.64
378.88 152.98
373.33 159.88
372.94 170.22
371.99 180.19
369.50 189.19
366.05 214.86
364.71 223.67
364.32 232.87
362.60 243.98
380.99 253.37
355.32 266.01
350.91 287.47
348.04 295.51
370.26 313.33
368.35 325.01
365.47 352.41
360.30 362.18
341.53 368.50
339.04 387.27
332.91 415.05
354.36 425.01
327.92 441.87
424.48 338.04
409.34 251.26
384.25 243.79
388.27 233.63
386.74 224.82
388.08 216.58
391.72 190.53
394.78 180.57
392.48 170.22
397.47 161.22
400.53 153.94
399.19 144.55
399.96 135.55
402.26 125.20
403.02 116.20
408.19 109.11
406.09 99.73
408.19 90.34
409.92 79.80
459.92 105.09
485.01 107.20
481.76 116.20
457.62 119.46
454.17 133.25
450.53 140.91
448.23 149.34
449.76 158.73
450.34 169.27
476.58 134.59
475.24 143.21
472.18 150.49
473.52 160.07
473.52 172.14
472.18 179.61
448.62 177.89
444.98 187.66
470.26 189.00
466.24 199.15
467.58 208.92
442.10 198.39
440.57 223.10
437.31 240.91
462.60 235.74
463.37 251.83
458.38 262.56
433.86 256.81
433.10 273.29
457.62 280.38
528.31 306.24
516.24 276.55
544.78 259.88
517.77 249.15
515.47 239.19
515.67 228.27
537.50 231.53
521.03 195.51
544.78 197.43
522.56 180.76
524.48 170.42
527.73 158.92
526.58 150.30
525.82 139.76
530.61 128.84
533.86 119.84
534.63 112.75
533.67 101.64
536.55 91.11
559.92 96.28
558.19 107.01
558.39 115.24
559.53 123.86
556.47 132.68
551.68 141.87
550.34 149.92
549.00 159.88
548.42 169.07
547.27 179.42
544.40 51.07
597.47 85.93
614.90 93.60
612.60 102.22
609.92 112.75
605.51 123.10
602.45 134.21
608.39 148.39
639.04 97.24
637.70 104.32
632.52 114.67
629.46 129.80
630.61 151.45
626.78 169.27
598.04 182.10
598.23 192.45
591.34 210.26
711.07 103.17
687.50 100.49
681.18 144.17
696.70 184.97
674.09 199.34
825.43 199.53
818.92 222.52
688.27 257.77
685.20 275.97
686.16 285.36
812.60 266.97
808.77 299.92
751.11 353.17
738.27 351.45
635.40 404.52
616.05 417.35
593.25 404.71
590.95 375.78
589.23 355.47