56.22 21.62
68.35 23.85
82.71 23.48
95.03 23.67
105.85 23.67
119.47 23.29
56.04 44.19
68.54 44.38
85.51 44.19
97.64 44.94
117.23 45.50
48.95 67.51
91.48 68.07
141.86 44.38
142.60 27.21
153.98 26.28
168.35 25.16
167.60 44.00
179.73 26.84
179.17 46.99
190.36 26.65
189.80 45.87
203.80 27.03
214.43 26.47
202.86 45.31
214.06 45.31
225.25 43.07
268.16 27.77
269.84 46.62
281.60 26.28
295.03 29.45
295.03 48.48
329.17 46.24
352.68 44.56
366.11 46.80
426.74 46.24
471.33 49.41
497.64 48.67
569.28 157.81
458.65 166.95
470.96 110.05
458.09 93.44
458.09 112.29
442.23 134.30
425.81 92.14
403.24 92.14
378.42 93.07
364.99 108.74
352.86 88.97
423.76 170.31
412.01 173.30
340.92 110.42
339.24 170.68
326.37 173.30
328.42 109.68
327.68 87.66
315.55 150.72
303.98 89.90
303.98 108.56
289.99 105.20
279.17 109.12
268.54 109.68
266.67 89.90
254.17 87.47
255.66 108.00
291.11 153.15
289.43 172.36
277.12 171.80
277.86 153.89
266.30 151.28
266.11 171.80
254.17 153.89
255.66 174.04
224.51 108.37
213.50 86.54
213.68 106.32
201.37 105.94
189.62 108.00
189.43 85.61
176.00 86.17
164.24 88.78
152.12 88.97
131.97 86.35
116.11 87.47
82.71 84.49
69.47 85.79
56.78 86.17
69.84 108.18
101.56 107.25
128.05 107.62
115.55 108.00
150.07 107.06
162.57 107.62
176.56 107.81
222.45 151.28
223.20 171.06
209.77 167.32
198.20 149.97
185.33 149.04
173.57 149.97
162.38 150.72
149.32 150.35
136.82 151.09
114.43 147.74
93.91 148.11
80.85 146.43
66.11 147.55
53.05 147.92
60.70 170.68
114.80 171.06
136.82 169.94
149.13 168.82
161.45 168.63
172.83 169.38
183.83 169.56
197.64 168.82
49.51 208.74
64.06 208.37
63.87 230.01
76.56 228.15
80.85 210.79
92.79 210.42
112.75 212.66
125.07 212.29
88.12 230.57
100.07 230.38
112.38 230.20
124.51 230.94
147.83 213.03
148.76 231.50
160.89 213.22
159.21 232.06
171.33 233.00
172.27 213.78
183.65 211.91
196.71 212.66
221.33 210.79
207.71 230.38
184.39 230.76
251.56 214.53
264.43 213.59
277.86 214.90
261.63 234.86
287.19 233.74
337.01 215.65
349.69 214.71
363.50 217.14
362.75 236.91
399.13 217.51
423.57 217.70
458.83 221.24
481.97 220.31
566.86 237.66
312.94 299.04
274.69 277.21
263.68 280.38
251.18 277.96
250.44 297.55
218.54 278.33
205.10 274.97
195.96 295.12
184.58 273.67
183.09 294.19
172.08 274.41
170.59 294.56
159.95 294.56
159.39 274.04
148.39 277.59
134.58 275.91
110.51 273.85
125.25 278.15
98.95 273.11
88.12 275.91
76.56 273.85
63.31 274.23
61.63 294.19
11.63 299.41
74.88 293.82
86.26 294.00
98.57 293.63
110.33 292.51
134.21 292.70
146.52 294.75
48.76 335.24
61.07 334.68
62.57 358.74
109.39 357.44
121.33 338.03
122.27 355.94
146.15 334.12
157.71 338.22
146.71 354.45
158.09 358.18
169.84 356.69
170.96 338.22
182.90 339.71
195.21 339.53
206.60 341.02
193.72 358.74
206.04 359.68
218.35 359.30
247.83 338.97
248.76 357.81
260.70 358.56
273.76 340.09
298.01 358.18
559.58 488.03
571.33 488.22
356.97 528.52
294.47 466.02
258.27 463.97
244.84 464.71
283.65 401.84
271.52 402.03
259.39 400.53
246.33 400.91
245.96 418.26
217.79 402.21
219.09 421.99
205.66 421.24
180.48 399.41
182.71 420.50
169.28 422.55
168.16 399.97
156.78 400.35
155.85 419.56
144.84 401.47
144.47 420.68
134.21 401.09
130.48 418.63
108.09 399.04
109.58 420.87
89.24 399.79
59.58 398.85
47.64 399.79
23.20 460.61
23.20 520.68
46.71 462.66
46.15 482.81
58.46 482.81
70.77 481.69
71.52 461.73
82.90 462.29
83.09 482.62
95.40 482.81
95.21 463.03
106.78 461.54
106.22 480.76
118.72 462.10
118.91 483.74
140.55 507.81
142.04 481.88
143.91 463.22
177.49 463.97
191.48 460.42
191.86 483.00
202.68 461.91
204.36 483.18
216.67 483.93