223.10 581.90
80.27 626.92
79.02 648.37
169.83 581.39
250.84 713.24
286.37 580.49
354.78 709.81
324.55 621.55
275.36 578.72
353.59 691.69
287.23 560.69
185.06 758.51
222.61 689.97
287.51 627.50
212.61 759.47
135.81 841.83
312.77 710.22
297.16 347.67
196.70 756.68
277.50 318.78
119.53 514.32
221.08 606.70
95.40 714.72
312.07 623.50
122.72 779.59
252.00 758.60
200.50 822.90
545.83 728.45
65.57 863.11
81.57 779.02
237.62 625.47
56.15 433.05
184.64 779.34
107.79 757.01
239.16 754.59
248.57 563.25
92.36 581.75
229.12 227.69
161.68 778.70
167.53 559.07
711.25 453.65
208.42 628.05
339.38 689.46
170.53 642.33
226.12 777.59
812.93 434.01
72.81 668.14
313.35 580.91
105.53 561.19
172.81 758.23
212.54 488.49
147.33 488.05
314.29 755.63
131.62 431.25
220.53 624.85
300.49 625.47
213.16 777.72
223.99 755.62
624.16 711.76
673.49 462.12
850.60 428.85
156.12 623.87
273.97 517.87
221.52 644.35
231.47 290.98
168.20 624.09
158.67 710.66
64.10 566.49
228.95 258.57
147.58 821.72
235.45 560.92
269.83 482.98
118.21 432.04
172.53 516.79
250.41 624.64
186.97 823.85
250.12 887.74
251.59 690.37
90.94 624.55
129.16 557.09
901.29 416.83
735.28 448.32
658.42 462.17
305.98 381.20
184.28 483.00
65.36 484.99
407.84 566.23
144.09 582.53
273.51 559.29
554.33 562.14
763.21 445.98
298.23 579.00
97.20 799.22
133.55 643.28
92.66 432.61
240.83 829.83
80.54 484.29
248.94 581.98
264.87 888.74
274.95 647.06
241.07 517.58
798.81 436.80
197.53 515.25
287.81 483.58
290.63 841.34
889.08 421.53
328.35 773.60
871.47 482.09
300.66 690.68
316.96 821.93
7.48 783.22
291.75 820.46
698.38 457.07
263.05 581.75
228.21 279.78
80.23 758.71
97.78 891.78
313.51 690.22
264.79 822.32
211.89 517.15
77.89 692.62
255.64 479.68
299.09 645.64
238.90 480.87
142.47 557.83
120.82 826.87
219.58 560.47
163.22 889.48
227.67 518.87
208.34 430.34
14.35 884.11
261.92 432.44
106.29 517.36
260.28 559.20
159.00 756.39
96.22 759.97
169.94 690.34
265.69 843.53
135.10 823.23
262.06 644.91
158.72 516.44
826.07 433.21
92.40 561.92
261.62 625.39
467.11 756.05
251.72 778.19
200.24 483.38
302.82 886.93
297.63 559.25
185.20 515.94
173.49 888.94
134.03 691.72
154.87 561.60
162.69 844.69
340.48 754.69
106.92 629.10
864.28 427.38
94.57 516.85
82.01 517.66
355.95 756.11
233.95 433.65
120.79 715.07
327.03 710.09
312.24 560.31
185.76 628.93
345.04 888.85
247.51 431.33
197.11 431.40
183.69 431.49
122.75 760.77
277.33 692.91
137.24 889.78
277.43 822.20
92.78 692.87
146.53 646.37
121.20 887.86
273.61 624.41
221.53 432.69
370.09 756.08
66.57 433.01
69.66 519.05
251.71 822.19
78.10 561.23
68.32 757.47
162.04 821.62
302.93 757.52
12.93 234.48
209.30 133.72
219.80 128.76
256.82 116.73
269.03 111.39
284.30 108.53
340.60 146.89
385.83 137.92
425.33 132.57
463.88 126.09
627.24 96.89
226.86 216.35
296.51 207.96
295.75 216.16
299.95 233.34
295.37 258.53
228.00 236.58
232.39 246.89
230.48 268.45
228.77 307.19
230.48 319.22
144.22 431.05
171.51 432.57
79.53 433.53
93.08 364.25
113.88 364.44
136.59 366.35
153.57 369.41
176.48 362.35
196.51 363.11
119.99 485.63
223.61 482.38
295.94 516.74
145.94 517.50
211.21 540.40
103.96 582.96
118.84 583.34
129.91 577.99
156.63 580.86
208.16 559.29
207.58 581.24
235.25 580.47
92.32 648.99
106.82 648.03
185.64 646.51
248.04 643.83
286.78 645.55
311.59 646.12
325.71 644.41
339.83 642.31
107.58 692.50
79.66 712.32
107.33 715.95
133.10 713.66
146.07 710.60
225.85 712.32
264.20 714.61
289.20 710.79
301.99 713.08
339.97 708.31
170.69 711.56
93.78 777.40
107.52 778.54
68.40 778.35
199.13 778.54
275.65 758.50
287.87 757.17
342.45 776.82
380.62 772.62
331.19 820.14
331.57 839.42
317.07 841.71
394.17 824.34
398.36 866.14
251.23 841.71
240.92 843.04
201.23 839.99
186.53 844.00
173.75 823.96
173.94 844.57
147.79 841.33
121.27 842.28
59.81 839.04
59.81 849.72
81.00 890.56
109.24 889.23
187.87 886.94
211.72 887.89
225.85 887.89
452.94 714.23
454.66 723.77
477.94 794.00
480.62 804.69
413.06 582.36
443.97 568.05
416.11 594.57
418.59 605.26
423.75 619.38
427.37 633.69
463.25 556.59
486.72 553.35
468.02 567.85
491.30 563.08
473.55 578.35
494.36 572.05
475.08 587.32
498.17 581.02
479.09 608.12
483.86 617.09
487.49 627.97
486.72 636.18
504.28 603.92
509.43 614.80
511.15 623.39
516.30 637.32
518.59 644.19
510.96 700.68
512.68 713.85
518.02 722.63
518.40 730.07
519.55 742.09
532.33 697.43
537.30 709.65
548.17 744.76
558.67 788.46
544.74 821.10
638.44 846.10
643.02 865.56
670.50 871.48
596.46 727.01
596.65 707.17
589.01 685.98
592.83 696.48
614.01 680.45
621.46 703.16
627.18 722.05
695.31 666.52
670.31 670.34
700.46 688.08
706.19 706.40
545.88 541.52
549.13 551.82
552.37 573.20
556.57 584.08
560.77 592.09
563.82 601.25
565.35 610.22
568.59 623.58
574.70 631.98
597.03 628.73
593.59 619.00
590.73 608.31
587.11 599.53
584.62 589.04
581.57 578.92
574.89 566.71
574.51 557.74
573.36 548.58
624.51 526.63
631.00 539.04
631.38 546.86
648.17 523.20
652.94 533.88
655.81 542.09
657.52 552.40
638.25 578.73
644.93 586.18
644.17 596.29
649.89 605.83
650.08 616.14
664.97 582.36
668.78 592.47
674.89 604.30
675.65 614.42
685.01 458.12
722.60 452.20
747.60 444.76
786.34 441.33
710.20 512.70
711.72 523.01
713.44 532.93
716.11 542.47
717.64 551.82
721.65 561.17
723.55 571.48
749.32 565.95
745.50 560.03
743.59 548.20
735.00 528.92
734.43 517.28
787.68 494.00
792.07 506.40
793.40 519.00
797.79 528.16
812.10 491.90
816.88 502.40
817.83 512.51
822.03 522.43
808.48 546.86
809.05 556.78
817.26 576.82
756.00 654.50
767.83 651.44
806.19 640.18
830.81 640.56
828.71 542.09
871.07 492.09
873.56 497.82
882.71 521.67
885.58 531.79
918.21 556.21
918.40 568.43
900.08 487.70
959.43 496.48
989.20 520.33
1076.04 503.35
1000.08 530.26
1047.22 476.63
1061.34 431.40
1062.10 357.17
988.25 267.85