44.66 20.68
68.53 22.94
82.20 24.00
30.74 53.31
115.35 53.97
144.79 22.54
156.33 22.54
181.53 24.26
193.87 22.67
206.20 20.95
218.27 23.33
229.14 22.80
241.21 21.87
255.01 22.54
155.14 74.39
167.87 72.54
179.14 73.86
192.27 74.13
204.21 71.87
216.68 74.00
228.48 73.47
241.48 73.47
264.95 88.45
288.56 100.26
288.83 25.32
303.15 24.53
316.01 25.59
328.61 25.32
341.21 23.47
353.81 25.59
364.29 27.98
376.76 30.23
401.29 27.44
411.64 29.43
425.56 26.91
436.84 25.19
452.09 25.06
386.17 74.66
386.70 93.23
397.98 91.77
415.88 74.92
425.83 92.17
431.00 76.78
442.67 93.09
443.60 74.66
455.80 91.11
458.72 76.78
469.99 94.29
471.85 76.25
487.37 76.38
485.38 96.54
496.52 95.08
502.35 76.25
499.44 57.42
513.76 93.49
514.16 75.85
526.62 93.49
529.81 116.30
529.54 75.46
548.11 25.85
561.50 25.99
573.57 26.25
585.11 26.12
563.36 47.34
554.74 75.85
566.94 95.08
569.86 75.32
581.66 94.55
584.45 75.46
595.86 95.48
601.03 78.37
612.96 95.88
613.10 75.72
611.24 26.91
624.50 25.59
636.44 25.99
642.80 42.17
626.62 74.26
624.10 94.29
636.31 93.62
641.08 74.66
653.55 96.01
666.41 94.69
665.75 76.78
681.27 75.32
681.27 95.35
696.25 95.75
711.77 78.24
698.91 57.42
724.10 46.94
740.95 77.18
784.05 95.88
831.40 71.08
839.22 168.56
780.60 145.48
755.27 135.40
755.14 157.68
763.76 211.93
727.02 156.49
708.06 195.08
720.92 216.97
696.12 139.38
681.40 140.57
683.26 157.02
683.26 199.46
694.13 217.10
680.07 214.71
666.28 215.51
655.14 197.60
652.22 215.38
640.15 197.60
669.99 136.60
653.81 137.79
656.60 155.30
699.30 155.30
642.01 154.90
639.36 137.26
627.16 156.22
627.29 134.47
612.96 155.56
613.23 135.93
599.83 153.84
625.30 197.34
638.16 214.84
613.23 198.27
598.51 198.80
609.91 216.17
596.39 137.52
584.45 154.50
584.05 133.68
569.73 136.99
556.07 135.27
543.60 151.85
556.47 154.23
570.66 154.37
584.58 197.87
595.99 214.71
567.47 195.22
552.22 196.54
565.48 213.25
528.61 196.01
541.08 214.71
498.24 196.14
507.53 211.66
484.05 197.21
495.19 216.17
468.93 195.88
481.53 214.98
457.26 198.27
467.87 215.24
444.79 199.73
453.15 215.51
525.83 137.66
513.36 155.03
512.96 137.39
497.84 155.16
498.91 136.46
484.98 154.23
485.38 136.73
471.45 155.16
469.20 137.26
455.67 134.08
456.86 152.38
440.68 135.14
428.08 134.74
442.14 153.70
428.75 153.70
413.89 151.58
411.77 195.35
423.44 211.40
396.78 195.48
410.84 213.12
397.58 214.05
383.39 196.41
366.68 194.42
380.87 214.31
361.11 212.06
320.92 190.31
325.43 213.65
396.39 136.73
383.92 153.04
384.05 134.74
363.89 133.94
370.26 153.17
352.09 119.88
347.58 134.47
330.47 133.15
313.76 133.55
320.52 158.21
314.69 217.63
320.13 236.99
266.54 141.64
276.76 191.11
357.39 260.73
387.37 262.19
384.32 280.23
400.10 261.93
410.18 279.83
413.89 260.20
428.88 262.59
427.69 279.96
440.42 281.69
443.07 260.47
452.35 279.96
339.75 318.16
355.01 315.11
368.40 316.17
381.40 316.70
395.46 317.50
422.51 320.28
436.84 320.42
352.88 335.67
366.55 338.19
381.13 337.26
395.32 336.99
408.59 336.86
424.90 336.46
452.09 318.16
439.09 336.33
485.38 260.34
500.76 262.06
514.95 261.79
526.09 259.94
541.21 261.00
481.27 280.23
495.72 279.17
511.11 277.71
523.84 277.84
552.88 279.04
481.40 317.10
467.08 335.67
482.06 335.40
496.78 317.90
509.78 318.69
494.53 338.72
523.57 320.68
508.72 338.59
524.50 336.86
537.37 321.08
565.09 319.89
548.51 338.45
565.35 336.07
578.35 321.87
579.28 338.98
592.54 321.61
571.59 264.71
584.71 264.58
598.11 283.41
604.87 242.83
628.48 263.65
643.47 263.12
619.73 322.80
607.92 339.25
624.64 336.73
637.10 341.24
663.89 341.11
657.13 264.85
670.26 282.48
671.98 264.71
682.99 262.99
699.44 264.18
692.27 322.41
700.63 337.52
744.40 284.34
743.87 266.04
879.67 331.82
809.65 247.21
646.52 406.89
623.71 378.11
595.59 376.25
582.59 376.12
606.60 458.48
565.22 444.29
566.01 377.71
564.69 395.75
553.95 379.17
540.15 378.64
524.64 378.51
512.04 378.11
497.31 377.58
482.33 377.05
491.88 393.89
468.93 379.04
479.14 394.02
466.28 394.02
453.15 373.20
544.00 506.75
523.84 441.90
494.66 443.09
509.52 459.14
520.26 505.69
495.19 507.29
480.47 438.05
493.34 456.49
468.80 444.29
469.20 508.08
456.60 506.75
450.50 456.49
437.10 436.86
425.56 439.12
437.10 456.36
433.52 505.43
422.25 506.49
410.31 507.68
397.31 505.69
408.85 435.93
420.92 456.36
395.06 435.67
406.86 455.69
381.27 436.60
393.34 454.77
367.74 438.32
380.87 456.62
350.63 435.80
365.75 456.36
348.11 454.90
371.45 506.36
335.25 457.68
356.60 506.62
345.99 505.43
321.98 504.10
310.31 503.57
296.52 506.09
284.32 504.10
270.52 503.04
259.12 503.70
246.52 502.25
233.79 503.44
221.98 500.79
197.84 505.56
186.17 506.49
426.81 376.98
439.67 396.67
423.68 393.76
412.83 375.86
411.37 395.44
398.73 375.19
382.85 374.29
394.71 392.30
370.43 375.41
354.66 375.75
366.41 392.53
351.98 390.74
337.21 392.19