92.20 19.36
116.69 23.76
128.99 20.38
140.05 19.77
165.36 20.89
190.26 19.15
203.37 21.20
224.99 21.30
119.25 63.93
121.61 83.39
145.07 62.29
146.30 84.01
156.96 81.55
170.07 81.65
195.28 62.08
230.11 83.50
237.90 18.54
251.32 20.07
262.90 20.79
275.71 18.43
300.40 18.43
323.45 20.18
277.86 63.11
290.87 61.67
266.28 81.75
293.13 82.68
347.22 18.33
387.18 52.14
369.35 82.47
370.48 91.59
396.30 18.84
409.01 17.00
420.17 17.62
444.46 19.77
469.46 18.33
484.21 18.13
463.92 47.84
508.19 20.79
520.28 18.23
554.19 21.82
559.52 29.60
579.60 40.05
590.15 45.79
601.22 51.84
609.72 55.22
618.53 60.65
628.06 67.41
639.33 71.82
552.45 86.16
571.20 96.20
581.55 103.78
664.03 88.11
663.92 97.23
663.10 107.06
661.67 117.00
664.74 125.81
663.62 144.56
664.44 162.90
663.21 190.05
663.51 217.41
368.33 101.53
368.54 109.93
368.54 118.74
370.28 144.97
337.39 128.37
300.40 125.20
291.38 164.64
289.03 143.54
275.71 124.48
276.63 144.25
264.44 145.38
252.35 143.43
240.56 144.25
238.92 124.28
227.14 144.36
288.11 187.59
275.71 186.16
253.17 187.90
239.74 187.90
214.33 188.41
202.96 187.49
189.33 187.49
214.64 125.61
202.76 143.95
190.87 144.77
177.86 187.90
166.18 190.98
155.01 190.46
142.82 188.41
131.14 187.49
165.87 125.91
166.18 145.07
153.58 143.23
141.79 123.87
142.51 144.66
129.40 125.20
129.40 146.51
117.20 125.81
117.72 145.59
105.11 124.38
104.70 143.23
93.84 146.82
98.97 214.34
96.30 185.55
80.93 250.50
102.04 223.46
109.31 233.60
114.85 243.64
122.33 249.48
132.47 255.63
139.85 263.72
152.65 268.33
161.16 275.81
154.50 292.10
193.64 285.14
204.09 278.37
214.85 271.61
221.51 264.64
231.85 258.29
242.51 252.76
253.88 248.15
265.05 243.54
273.97 238.62
285.65 232.47
218.23 296.71
209.93 323.66
169.77 338.31
178.99 343.64
189.64 346.82
198.86 353.78
208.70 357.57
220.28 363.62
229.29 367.31
255.32 382.68
245.99 309.83
263.92 321.51
253.88 301.32
263.00 294.56
273.66 289.64
284.31 283.50
296.10 278.58
322.12 272.02
273.97 314.34
282.67 306.86
295.58 302.45
304.29 295.59
318.02 292.62
329.19 289.34
348.56 194.56
406.14 222.53
335.34 269.36
347.12 267.41
360.44 264.54
384.72 266.18
397.53 283.29
384.01 283.39
369.66 285.24
355.22 284.21
343.02 287.60
347.43 330.01
360.24 328.17
377.96 327.35
393.84 327.96
486.67 237.49
445.28 272.84
454.81 276.63
470.17 279.30
480.63 285.03
508.29 248.05
517.51 253.37
536.57 261.78
547.43 267.62
559.42 273.25
570.17 278.48
520.17 306.24
549.99 322.33
577.86 329.09
616.90 331.45
592.10 350.61
660.44 336.67
723.66 359.32
553.27 341.18
527.55 331.86
507.47 321.41
498.86 318.23
488.00 311.47
478.17 304.19
468.43 301.94
457.78 296.30
447.33 343.23
455.63 349.38
467.82 355.32
434.01 361.26
446.20 363.00
455.73 371.30
467.00 374.07
494.87 367.82
496.10 390.67
505.22 400.71
520.17 399.58
521.71 376.84
532.88 382.06
542.20 385.55
558.08 387.80
561.06 407.16
573.35 409.73
593.94 392.92
619.15 390.87
611.57 409.32
634.72 410.24
725.50 406.04
726.73 415.26
729.40 425.40
733.49 443.43
732.16 453.27
762.39 489.13
655.83 453.17
643.02 453.37
645.07 472.64
632.37 451.02
631.86 469.97
619.56 451.73
619.97 469.56
607.88 468.64
594.66 469.25
581.75 471.00
581.75 449.89
568.43 468.64
569.66 449.89
556.34 449.28
556.14 468.13
543.74 466.08
543.64 446.92
529.81 444.77
531.85 464.54
518.54 461.47
494.87 477.25
517.31 442.00
505.01 439.34
493.33 455.73
493.95 434.01
481.24 431.75
482.37 451.43
471.81 449.07
459.21 423.66
458.70 444.87
447.63 440.77
438.52 433.80
449.68 417.92
439.13 410.65
431.14 407.37
427.04 427.96
417.51 423.56
407.88 418.02
399.17 413.11
347.22 440.36
357.98 447.33
370.38 451.94
385.34 459.21
394.56 464.03
406.75 470.28
417.00 476.73
427.24 481.86
437.80 486.47
449.38 491.28
461.67 493.13
473.76 496.92
501.63 505.94
514.03 508.39
526.01 510.14
539.23 510.44
549.58 513.72
564.03 513.41
577.65 516.69
587.80 514.54
602.45 516.39
625.60 513.82
704.91 547.33
712.29 571.00