38.91 59.37
37.19 69.51
73.79 16.76
90.97 49.24
91.66 68.48
96.47 81.02
92.00 89.79
92.69 100.61
91.66 118.82
124.99 58.00
119.84 70.20
121.21 99.24
116.57 109.37
95.78 148.20
120.52 138.75
120.35 148.55
118.12 159.03
117.95 169.17
205.06 181.71
201.97 161.78
182.38 179.82
201.80 150.09
197.50 141.50
201.11 121.40
178.94 93.05
203.86 82.91
204.54 72.09
200.25 13.67
178.08 62.81
176.54 73.98
255.75 58.17
290.46 45.97
288.91 68.48
288.05 79.48
262.28 93.22
259.53 102.33
286.68 102.84
287.88 113.15
262.45 112.81
264.51 123.29
286.50 133.60
284.10 164.36
285.64 173.63
262.11 182.74
286.50 192.71
286.68 212.12
262.96 231.19
316.92 200.27
345.78 231.02
342.35 221.23
366.74 191.68
372.24 182.23
341.32 182.74
368.81 172.26
370.01 162.12
340.11 162.29
343.38 153.36
369.15 153.19
343.55 143.05
369.32 142.88
344.24 132.57
344.75 122.26
348.19 114.70
344.24 94.94
342.86 86.35
346.13 74.49
343.21 64.70
344.41 55.76
347.50 12.47
394.75 14.18
371.73 55.25
370.52 64.70
373.10 75.52
370.87 84.63
370.01 94.94
371.38 120.89
369.67 131.88
429.80 55.94
431.35 66.59
434.10 83.60
431.52 94.08
430.66 104.05
431.01 113.84
468.12 53.53
470.87 63.67
475.34 74.32
471.04 84.80
469.15 94.25
470.70 104.56
470.35 115.39
433.07 127.93
434.61 135.83
429.63 146.66
431.35 157.14
430.49 165.39
430.15 176.73
431.52 187.21
431.01 214.70
405.23 262.81
388.57 270.89
467.60 204.39
470.52 239.79
469.67 249.75
469.15 186.69
466.74 176.21
468.81 167.62
470.87 156.45
470.35 147.52
470.01 136.86
526.88 55.76
526.19 64.87
558.67 63.67
552.48 73.81
527.74 75.01
528.94 84.63
529.29 93.39
554.55 94.42
529.12 103.02
552.66 103.70
527.74 113.15
552.14 113.32
528.60 122.95
551.62 122.95
528.94 132.23
552.31 132.57
528.26 142.53
553.34 142.53
582.04 124.15
527.57 152.33
552.31 152.50
525.85 161.95
525.51 170.88
553.51 173.12
531.86 191.85
556.09 192.71
555.75 201.64
533.75 202.50
529.46 212.12
526.71 230.34
551.28 230.51
526.02 241.16
526.37 250.44
551.11 258.69
546.47 269.00
552.48 278.27
528.08 327.24
545.95 346.31
503.34 398.03
447.33 295.11
655.23 379.13
672.93 262.29
696.99 219.17
657.29 205.59
607.12 192.36
611.76 173.46
610.22 153.87
610.56 133.94
636.85 134.46
610.90 124.32
609.87 113.50
639.25 114.01
610.39 103.19
635.47 102.50
609.70 93.91
605.58 61.43
640.28 55.94
635.82 67.96
636.68 78.79
664.17 59.03
693.55 54.56
694.92 64.53
720.87 64.87
696.30 74.15
696.30 93.05
696.47 103.70
694.24 114.36
694.58 132.23
695.27 142.19
696.13 152.16
691.66 172.09
721.56 154.05
722.93 142.36
721.38 114.01
720.01 103.36
723.62 93.91
782.38 39.79
778.77 58.17
782.38 77.07