831.73 986.38
861.45 987.43
862.09 998.92
855.28 1008.07
851.45 1016.79
827.84 1005.94
844.86 788.50
1027.20 621.69
944.01 597.22
996.56 551.69
936.99 481.90
910.39 546.79
911.67 570.62
841.03 395.52
859.11 462.96
836.99 494.45
853.58 519.56
831.03 528.92
831.88 539.35
854.22 541.47
832.09 550.41
830.81 560.41
851.88 564.67
788.69 415.52
782.73 433.82
759.11 435.94
760.18 447.01
785.71 459.77
758.90 459.56
749.96 464.88
781.45 482.11
761.24 481.69
760.18 493.18
781.67 505.73
757.41 503.82
782.30 518.07
756.77 526.58
777.84 538.92
774.64 548.71
753.79 536.79
753.37 548.28
775.28 560.62
751.67 558.28
698.26 559.77
700.60 547.43
703.15 530.62
705.07 518.50
671.67 552.75
704.86 501.69
701.88 491.05
707.20 478.71
706.98 466.58
709.96 431.69
710.18 409.77
714.64 352.33
688.47 372.75
685.28 396.79
690.82 408.07
686.99 419.77
686.56 429.99
688.69 439.56
685.28 464.45
685.07 475.73
683.37 488.28
680.60 500.62
682.52 512.11
628.05 375.09
624.86 387.65
603.58 405.09
627.41 397.43
627.84 407.43
624.86 420.20
600.81 427.22
623.58 431.05
621.45 442.75
599.96 448.71
621.03 452.96
622.52 462.96
623.37 475.09
600.39 460.84
600.39 471.48
601.67 480.20
621.67 496.79
620.60 508.50
621.45 521.05
623.37 546.37
597.62 504.67
599.96 515.94
598.26 528.50
594.86 545.73
592.52 555.94
538.69 329.35
550.81 393.60
527.41 426.58
552.30 438.71
550.18 449.56
528.05 461.69
548.05 472.54
548.26 485.94
526.35 474.03
522.94 482.75
546.77 496.58
522.52 494.67
544.86 506.37
543.79 517.65
521.24 517.01
543.58 529.56
521.24 529.77
541.88 540.84
520.18 539.35
542.09 553.18
519.33 552.11
512.09 582.97
463.79 331.26
458.05 357.22
450.39 391.90
452.52 402.54
452.52 413.18
475.07 427.65
451.03 458.07
446.56 470.20
471.88 462.33
471.88 474.03
466.77 486.16
426.13 489.99
445.50 494.03
469.11 496.37
445.92 503.18
468.05 508.71
466.98 518.92
446.13 524.88
466.56 529.77
445.28 537.43
469.11 539.99
444.64 547.86
466.77 552.54
418.26 538.71
406.35 571.90
393.16 594.03
397.62 539.56
394.22 512.33
395.28 501.26
394.43 488.28
397.84 477.65
396.98 466.16
395.28 454.24
397.84 442.54
399.32 433.82
399.75 420.41
401.88 408.71
404.64 387.43
403.58 375.73
405.28 365.30
405.92 354.03
406.98 342.54
407.20 332.11
382.30 318.92
381.45 329.77
378.26 339.77
378.26 350.62
379.33 374.67
374.64 392.97
372.94 407.43
376.35 420.20
375.92 432.75
374.43 443.82
374.86 455.30
374.22 466.58
370.81 476.16
371.45 486.79
368.90 498.28
370.39 509.77
367.20 529.77
366.77 544.88
315.07 542.11
314.01 532.33
316.98 517.86
317.62 505.73
322.09 489.35
319.33 479.56
318.05 458.50
322.09 445.09
321.67 436.16
322.09 423.39
354.01 401.48
328.69 317.43
330.39 331.26
328.69 343.60
328.26 355.94
324.64 368.07
324.64 379.77
325.92 390.20
324.22 402.96
304.43 329.56
305.50 340.84
303.37 353.60
296.13 367.43
301.03 375.09
296.56 388.07
303.37 397.86
296.35 410.41
298.47 431.26
297.41 441.90
298.47 453.60
295.07 465.09
293.79 475.73
295.50 487.01
293.37 498.92
207.84 535.94
209.54 522.11
210.39 508.28
234.01 494.24
210.18 496.58
210.39 481.48
234.64 482.11
211.88 469.13
208.90 457.65
231.45 451.26
233.37 460.62
213.37 444.24
236.13 439.13
214.86 432.96
239.11 427.01
216.13 412.11
238.47 405.31
242.52 393.18
243.58 382.54
243.79 371.05
242.73 359.77
243.37 348.07
270.60 326.80
248.90 323.39
245.28 336.16
224.43 330.20
224.01 343.18
221.88 354.24
220.39 366.58
219.11 378.92
224.01 388.07
255.92 180.84
227.84 234.24
227.20 248.28
226.56 258.71
229.11 266.58
229.11 278.71
248.26 238.71
250.18 249.13
251.03 270.20
246.35 282.97
333.58 40.84
323.16 60.84
320.39 127.86
312.09 172.11
316.77 183.60
337.84 183.82
316.35 214.67
334.64 239.35
309.96 250.62
333.79 252.33
310.39 261.90
333.79 264.45
310.39 272.75
310.18 285.73
330.60 276.16
419.54 211.48
390.39 256.58
388.47 267.65
385.28 277.65
412.52 267.43
413.37 279.13
411.03 291.90
460.39 280.62
463.79 301.05
484.64 292.75
538.05 284.24
565.92 289.77
638.05 54.45
808.69 117.43
944.22 167.86
1090.39 311.90
1034.86 312.33
1011.03 321.05
869.54 296.37