457.28 620.87
45.93 563.95
671.42 379.02
578.64 191.60
164.00 286.18
143.50 167.08
604.14 150.45
21.24 146.56
477.65 131.63
40.01 510.13
19.69 180.16
589.85 170.47
63.87 297.31
581.69 15.62
595.78 622.82
612.03 130.82
333.66 620.99
197.58 94.59
468.06 362.27
828.41 49.00
239.92 196.41
64.94 115.29
514.21 364.48
308.62 195.19
29.23 406.42
455.94 175.48
307.20 114.29
283.54 113.49
567.12 192.55
341.67 110.29
411.56 467.75
587.68 231.91
511.94 449.20
545.36 447.24
250.31 131.02
843.92 47.42
22.06 267.04
246.56 18.47
545.48 190.99
599.10 130.92
501.15 300.65
23.29 106.35
600.02 108.16
250.53 177.83
566.25 171.58
454.55 298.72
151.78 185.65
523.73 428.72
27.05 394.29
86.37 619.38
296.27 133.85
456.40 552.74
131.56 180.45
477.25 173.46
82.73 148.51
328.57 131.76
357.49 149.50
22.88 280.04
488.45 320.86
740.50 48.53
481.31 617.33
605.69 618.90
566.51 129.50
273.86 175.70
239.96 177.80
625.09 297.64
498.79 129.43
599.44 65.59
513.55 578.07
580.32 447.54
593.11 448.29
411.49 387.24
625.62 321.77
533.38 509.56
19.57 137.45
601.02 363.06
545.02 384.01
458.08 513.83
20.27 154.35
43.03 530.12
445.20 383.16
492.03 426.90
419.43 64.63
20.07 166.36
400.11 555.70
243.65 511.24
455.02 318.22
167.66 580.23
340.49 131.60
126.66 293.73
423.98 492.31
390.63 513.99
603.06 322.83
534.91 192.30
468.07 555.21
421.68 300.97
434.26 386.37
44.51 541.30
557.27 617.62
556.95 322.77
242.05 555.99
307.36 66.15
577.56 109.16
457.70 448.14
488.57 257.84
273.61 194.45
398.14 428.04
500.49 384.37
523.57 131.45
466.76 320.53
78.76 276.46
307.56 173.92
625.49 574.14
502.15 620.38
490.69 576.18
576.93 131.89
285.24 134.47
591.15 322.73
432.15 237.15
352.20 128.38
535.88 619.05
57.89 216.00
557.34 446.10
478.05 317.80
400.18 491.41
22.52 301.50
513.50 383.09
491.64 511.68
808.82 48.35
620.54 256.64
21.05 226.13
525.22 619.44
429.98 64.79
479.82 595.16
422.69 449.94
251.42 195.75
60.86 192.36
59.56 267.29
467.77 491.61
509.99 109.45
331.67 174.17
340.73 65.63
355.28 490.30
408.70 127.62
23.49 84.03
263.10 133.91
411.71 491.17
534.95 236.04
54.40 71.27
238.46 110.47
129.37 619.06
612.95 193.80
397.88 109.38
21.18 209.12
493.39 446.78
103.66 67.02
556.29 129.90
308.15 133.62
239.62 239.88
570.05 552.51
500.54 234.99
788.29 47.97
108.24 560.61
524.25 449.65
92.67 68.23
262.83 66.57
73.12 321.53
260.93 112.39
655.67 635.70
21.14 188.07
533.54 383.74
467.25 383.62
250.24 112.09
602.02 256.59
377.16 492.37
130.88 561.83
285.18 174.55
521.93 257.03
117.99 558.20
511.23 172.27
549.20 512.07
421.36 109.67
84.29 320.52
580.67 555.94
432.68 256.17
453.78 64.64
621.93 64.87
591.20 194.09
572.03 256.66
175.78 558.85
295.63 112.49
512.63 556.09
63.42 68.15
376.18 107.40
501.55 257.23
433.50 366.39
611.84 173.79
378.93 555.21
581.08 322.60
399.85 298.75
547.69 259.18
111.67 94.96
623.75 234.85
272.37 112.80
264.31 512.21
296.27 173.65
262.43 177.96
522.25 192.52
201.00 643.63
422.69 322.11
422.95 387.04
557.22 552.61
262.04 195.24
624.75 193.54
240.31 321.07
250.66 237.39
457.50 576.04
590.30 256.93
238.80 131.82
410.89 366.34
109.06 620.38
511.24 194.01
105.61 367.35
94.12 321.37
432.09 130.56
263.17 237.59
40.33 70.58
581.83 621.79
365.57 510.83
521.83 63.67
60.78 138.20
354.11 303.63
213.49 54.81
624.28 489.75
433.78 618.16
466.40 256.52
285.22 239.75
408.54 65.66
27.71 349.18
242.07 260.78
121.85 320.62
86.15 19.56
274.53 66.45
20.59 247.53
152.27 576.33
110.57 321.10
330.67 66.02
365.87 554.71
287.39 510.41
423.61 555.84
602.94 490.38
376.43 446.66
174.22 159.41
454.67 258.29
275.90 509.80
43.17 143.45
242.36 384.64
250.23 571.99
502.24 556.16
25.75 323.44
587.97 129.58
96.48 366.41
329.09 111.27
465.10 194.02
388.63 446.36
84.53 366.90
500.32 174.34
443.62 318.91
490.71 555.67
479.00 554.25
388.36 297.39
363.14 105.13
475.22 64.76
115.78 367.32
591.72 557.14
285.67 193.87
487.98 236.54
545.58 133.26
141.28 576.54
153.30 385.33
571.99 491.25
85.12 103.04
285.06 66.24
498.05 65.40
391.33 219.90
332.37 447.21
411.04 448.71
203.60 564.97
366.07 445.22
255.12 494.14
171.12 120.26
443.47 128.77
106.16 387.25
343.89 492.64
320.14 67.81
444.66 236.99
319.46 172.47
363.32 64.81
387.58 318.54
57.82 244.88
386.76 192.62
77.91 69.39
84.46 292.93
469.92 521.65
308.92 428.42
128.63 364.80
58.21 169.47
298.93 491.45
649.83 213.96
127.94 387.66
251.52 66.22
377.45 366.70
544.27 64.17
140.18 367.52
387.58 65.08
592.09 511.89
566.35 64.32
603.88 235.86
442.14 65.93
410.75 270.87
432.52 173.34
299.15 254.94
365.27 318.58
344.47 384.56
332.83 316.56
364.91 195.24
22.10 94.04
20.62 197.91
32.25 414.89
32.80 426.33
32.80 435.55
44.42 552.16
52.72 588.69
120.07 579.09
131.14 577.99
164.35 559.17
239.99 65.81
599.96 87.95
695.90 51.97
642.58 24.48
707.71 47.91
752.36 50.13
624.68 111.20
624.31 130.94
612.32 113.04
499.04 112.49
477.63 113.96
273.94 132.41
478.00 193.85
498.85 192.19
535.57 174.48
547.00 174.48
578.19 174.66
601.25 192.93
625.97 174.11
535.38 257.32
523.39 239.06
466.01 235.92
499.40 322.45
511.77 322.82
524.68 320.61
513.43 300.50
503.65 285.00
524.50 302.34
534.46 301.79
536.30 320.97
558.08 301.79
567.85 301.23
568.59 319.87
579.29 302.89
590.73 299.39
601.80 302.71
613.06 302.34
613.24 320.97
612.32 365.07
625.23 382.78
613.79 383.52
601.80 383.89
591.10 364.70
589.99 382.41
580.22 365.07
579.85 382.97
568.41 363.41
568.78 382.97
558.26 365.99
556.23 382.97
545.90 364.89
533.72 362.49
500.88 365.07
488.89 362.30
489.07 381.49
457.15 367.84
456.41 385.00
446.08 367.28
422.65 430.94
434.09 430.01
436.30 447.91
446.08 448.10
445.16 429.83
455.49 429.28
467.85 426.88
480.40 427.80
467.30 444.59
480.22 447.73
534.83 429.65
546.27 427.62
558.26 426.69
534.83 445.70
578.92 427.62
594.24 427.43
624.31 422.82
547.93 493.85
533.91 492.75
516.56 491.82
514.35 508.06
503.65 492.75
504.02 508.80
492.76 491.64
480.22 492.75
480.03 513.04
459.00 494.22
447.56 493.85
446.82 512.86
423.94 511.38
401.43 511.01
445.71 557.51
444.79 575.77
469.88 574.85
523.02 557.51
524.13 578.35
536.30 576.14
535.94 555.29
545.53 554.92
546.82 573.93
559.37 574.66
569.70 573.19
591.66 575.40
603.09 574.30
603.46 555.11
614.53 554.74
626.34 553.63
613.79 573.19
570.81 620.79
548.48 622.45
410.29 620.05