880.32 255.68
440.73 274.53
879.22 281.14
855.36 286.71
787.47 186.05
787.29 131.47
298.15 300.75
787.82 124.89
643.07 457.29
156.80 468.05
858.63 264.13
226.89 411.70
157.72 86.61
656.77 170.70
143.81 924.59
737.37 319.25
577.47 306.70
64.88 704.05
934.70 277.22
933.93 446.88
179.95 423.83
455.58 507.98
598.28 321.71
459.56 467.60
670.24 289.02
934.19 264.06
667.39 451.20
181.79 85.44
160.83 96.12
934.34 458.64
600.97 349.43
170.45 13.70
835.01 220.88
645.97 471.21
363.91 470.53
391.22 266.26
575.19 352.32
668.59 14.14
391.71 279.11
136.33 13.83
316.22 471.40
879.90 134.36
119.01 863.42
309.98 511.50
143.03 884.87
316.16 334.04
389.39 453.42
936.93 230.90
440.27 270.97
667.79 470.49
715.78 396.97
938.35 244.49
805.88 286.67
933.92 347.45
122.59 725.12
786.97 470.74
935.18 335.65
809.17 300.43
458.37 454.93
717.87 292.25
936.16 196.90
147.97 12.42
530.63 333.60
857.53 142.80
644.94 435.60
738.09 418.71
436.68 327.87
319.53 345.92
810.55 184.86
529.97 73.29
227.23 469.47
413.46 397.61
509.54 292.37
738.10 473.82
489.63 311.06
935.75 95.90
119.48 925.12
158.77 107.26
936.68 217.22
260.06 379.22
119.74 746.21
227.41 14.10
157.04 947.35
598.22 228.51
430.17 459.18
207.05 13.24
365.56 311.39
808.53 311.41
878.80 121.85
482.43 279.37
669.58 255.31
250.69 352.28
936.38 323.13
224.42 429.72
647.93 255.57
451.00 83.87
156.17 420.50
200.02 508.21
645.90 322.75
520.50 253.74
796.86 257.71
415.46 278.56
739.06 274.04
35.53 370.50
177.49 907.90
738.00 204.62
225.96 375.32
155.32 122.08
226.12 147.08
39.89 133.04
39.76 346.45
273.29 504.21
602.02 469.97
937.16 173.85
482.28 394.54
510.61 74.84
389.28 197.12
225.94 353.25
180.03 469.91
119.14 898.95
159.34 72.22
143.80 876.00
247.42 295.54
462.02 136.66
674.08 201.44
36.79 405.50
66.30 852.76
529.86 94.50
327.57 234.64
179.03 387.65
228.19 320.92
622.75 173.91
120.69 484.31
439.94 237.47
109.56 264.57
180.18 454.51
178.31 444.59
154.53 456.57
160.52 441.59
157.71 431.86
282.24 15.38
248.72 385.04
248.91 396.65
244.23 406.57
249.66 421.37
226.63 442.15
227.00 455.08
248.35 470.81
250.22 450.39
295.17 469.87
296.66 457.51
298.72 445.71
297.04 433.35
297.79 423.05
295.73 412.01
296.29 401.33
293.85 391.22
295.54 378.30
296.29 366.69
313.14 461.63
316.33 449.46
318.95 435.97
317.83 423.80
318.01 413.88
315.58 401.89
315.02 391.97
316.70 378.11
313.33 368.56
314.45 357.70
321.38 288.22
393.11 292.53
387.49 300.77
391.42 312.38
391.42 323.43
386.74 331.67
388.05 343.84
368.01 336.16
366.33 356.20
367.08 369.50
366.14 379.61
368.76 393.09
366.89 400.39
365.76 413.32
389.92 357.70
390.48 369.31
387.49 378.30
388.05 391.59
389.55 404.51
390.11 415.56
368.95 434.48
366.14 447.40
365.76 460.51
387.11 469.31
430.37 434.10
456.03 431.67
459.77 414.07
435.05 408.26
437.86 394.59
437.30 385.04
431.49 364.63
433.18 352.45
438.61 338.22
440.48 281.67
438.80 294.21
461.64 296.65
458.09 320.24
459.02 331.29
460.33 339.53
454.53 354.70
456.96 364.44
462.39 372.30
459.59 385.41
458.46 398.33
663.71 511.26
506.59 468.18
506.96 459.01
507.15 445.90
506.40 434.66
507.90 415.56
509.02 403.58
506.59 390.47
503.97 377.92
505.84 368.00
507.34 356.95
508.09 345.71
507.71 332.79
507.15 319.12
465.02 145.71
532.62 347.21
530.18 357.89
532.62 379.98
526.44 387.29
527.00 399.27
528.69 411.44
529.44 424.93
526.44 453.02
527.75 467.25
575.50 468.00
576.81 455.64
575.50 443.47
576.25 410.32
575.88 398.15
576.81 387.47
575.13 377.92
599.66 297.96
595.54 369.31
594.79 379.79
596.85 390.09
601.16 397.40
598.54 409.76
599.29 420.81
599.85 432.79
596.66 444.78
596.10 456.76
652.28 494.40
715.76 472.49
714.08 438.41
647.79 415.94
645.54 401.52
647.23 391.78
647.97 381.67
644.23 368.19
668.95 424.93
667.83 412.19
671.38 404.33
668.39 393.65
666.70 379.79
672.51 369.31
670.07 358.26
669.32 346.65
669.14 335.41
666.70 321.56
669.51 310.51
669.51 298.90
646.48 278.86
647.23 265.94
775.13 15.19
715.95 325.68
739.17 331.48
736.74 344.78
716.14 340.47
715.76 353.02
737.49 354.89
737.68 366.69
716.51 363.69
716.89 373.24
738.24 375.68
735.61 387.66
738.05 397.96
716.89 407.70
737.49 436.16
737.11 453.02
786.18 458.82
789.73 448.33
785.99 422.30
787.11 402.64
785.80 389.91
784.87 376.99
786.74 367.44
785.80 355.64
787.11 346.27
785.61 332.98
788.99 322.12
808.84 468.75
809.40 457.89
809.02 434.29
809.21 424.18
809.02 412.57
809.77 400.96
808.09 387.66
806.78 361.82
809.02 333.54
855.84 300.21
856.96 312.00
860.52 329.42
854.53 357.70
854.72 368.37
856.21 379.61
858.09 389.35
856.96 400.77
856.21 412.38
857.34 423.80
856.59 435.04
856.21 445.34
850.60 456.76
855.47 469.12
875.50 473.05
877.75 460.69
875.50 448.90
876.44 438.78
877.75 425.68
875.88 416.31
875.32 403.77
875.69 390.09
877.38 379.42
876.63 370.06
876.81 358.07
876.06 348.15
878.12 336.91
880.00 321.74
877.00 302.64
877.75 292.16
877.38 267.25
938.24 251.52
936.74 287.66
936.55 299.46
935.05 311.26
935.05 355.26
935.05 365.94
935.80 378.86
936.36 388.60
931.87 401.52
933.93 412.19
931.87 423.24
934.12 433.54
915.20 781.11