267.64 44.73
161.27 131.27
41.82 73.82
394.36 16.55
407.09 35.64
490.73 39.64
556.00 16.18
581.09 63.82
556.18 91.64
543.82 76.91
528.55 73.27
515.82 73.45
515.45 90.73
471.45 75.45
418.91 147.64
516.73 134.36
527.82 149.64
542.36 147.46
546.00 131.64
578.18 177.64
555.27 208.73
539.82 208.00
526.91 207.09
550.00 189.45
536.73 188.91
523.45 186.18
510.00 207.09
496.36 206.36
482.91 209.27
276.00 205.82
13.27 286.00
194.00 248.91
237.45 245.27
316.91 265.82
342.73 264.00
346.18 245.09
371.45 264.73
402.91 265.09
408.91 254.00
431.45 266.18
443.09 263.27
446.00 247.82
458.73 265.45
459.82 246.91
473.45 265.09
473.09 245.82
489.45 247.09
505.82 251.09
518.18 248.91
532.36 249.64
545.27 247.45
485.82 265.27
501.64 268.73
517.09 268.18
531.45 294.36
576.73 310.36
544.73 311.45
544.18 334.36
513.64 317.82
492.91 310.55
507.64 333.64
491.82 333.27
479.64 314.18
450.36 310.36
437.82 314.91
420.73 310.91
410.00 313.45
395.27 314.55
382.55 316.36
394.36 332.55
408.18 332.91
421.09 330.36
432.73 327.64
449.09 331.82
462.18 330.18
351.09 316.36
364.73 333.09
333.82 313.45
321.45 315.09
304.00 309.27
278.73 312.55
265.09 331.82
293.45 334.18
305.64 331.82
321.27 332.73
338.73 338.73
346.91 330.91
302.00 377.45
316.73 377.27
345.09 380.00
356.18 374.91
371.09 376.73
371.64 359.09
381.64 372.73
398.73 377.09
414.36 378.73
428.18 381.27
368.55 396.91
360.73 416.18
394.73 391.45
410.73 394.55
425.09 396.00
438.55 399.27
459.82 384.36
468.00 399.82
464.36 372.55
479.82 395.27
481.82 378.73
494.36 395.64
510.36 395.64
531.09 397.45
546.18 395.64
543.45 375.64
544.55 362.36
543.09 435.27
528.73 435.27
515.09 436.55
500.73 436.91
474.55 434.91
459.27 436.55
445.27 436.00
432.73 434.73
420.00 434.91
404.73 434.73
316.18 447.82
200.00 427.27
432.91 450.00
444.91 450.73
459.82 450.18
476.18 451.45
488.91 450.00
502.18 454.36
514.73 452.18
529.45 452.91
116.18 548.73
144.73 550.73
160.91 565.64
206.18 568.18
245.45 549.27
287.09 552.00
304.36 565.82
331.27 569.45
346.91 510.18
372.00 510.91
411.82 510.73
416.73 492.73
428.18 491.64
452.91 488.55
471.09 493.09
485.27 494.73
495.82 491.45
509.27 490.55
525.27 492.36
538.18 490.73
556.55 496.55
553.82 513.82
521.64 509.45
509.64 512.36
496.00 511.82
481.82 511.82
468.36 511.27
442.00 513.09
430.91 512.91
537.64 546.55
512.00 569.82
518.55 581.64
546.36 570.36
496.18 567.45
485.82 550.55
472.36 567.45
463.09 587.27
471.09 548.36
458.36 549.09
444.91 548.73
445.09 566.91
434.55 566.00
417.27 568.18
417.09 547.64
403.45 549.45
403.82 569.27
388.91 567.27
372.55 548.73
307.64 583.27
542.36 602.55
547.82 623.09
535.82 625.09
512.73 624.18
499.45 606.00
503.82 633.82
487.45 609.64
472.55 605.27
483.64 623.64
457.27 603.45
468.91 622.36
455.09 624.91
443.09 606.36
416.18 603.82
430.55 625.09
402.18 605.27
415.45 624.36
385.82 604.00
400.36 623.09
377.45 609.64
389.45 625.82
361.09 606.18
350.36 608.55
338.73 613.09
307.27 606.73
346.73 626.73
373.27 624.18
263.64 606.00
227.64 607.64
214.73 611.64
184.55 669.27
228.91 672.73
269.45 672.18
278.00 668.18
304.55 687.09
9.27 748.91
197.09 754.73
239.82 736.73
187.45 796.73
199.09 814.18
169.64 814.36
244.00 812.00
270.36 814.18
388.00 914.18
350.36 872.18
475.82 976.00
506.18 980.73
516.36 974.73
534.36 982.55
551.64 980.36
502.91 877.64
475.09 876.00
487.64 856.91
460.91 876.36
447.27 875.27
447.82 857.45
360.73 804.18
389.64 800.55
403.82 798.00
448.55 804.36
484.91 816.36
503.27 803.64
516.18 803.27
529.09 819.46
540.00 817.82
527.82 799.09
542.18 800.18
513.09 818.91
586.36 700.55
544.18 738.00
527.45 754.73
527.09 737.82
511.45 736.91
499.09 755.82
485.82 735.82
471.45 735.45
460.36 738.91
445.64 738.36
431.64 738.55
418.36 737.09
405.09 739.09
391.45 739.27
377.09 737.45
364.18 739.09
334.55 735.82
309.27 738.36
310.36 758.18
363.64 755.27
455.82 752.18
470.91 754.18
483.82 754.55
442.73 715.45
548.36 672.73
546.18 690.00
530.18 667.09
508.73 674.00
478.91 670.18
467.09 673.09
478.00 690.55
489.82 688.18
518.55 689.45
450.18 672.00
460.91 688.36
437.09 670.91
447.45 686.00
435.09 686.91
420.55 686.91
407.64 668.00
393.82 667.64
379.09 667.82
348.00 668.73
359.64 686.18
330.00 666.55
5.78 188.54