323.10 717.06
677.56 286.83
315.72 667.12
845.02 203.83
385.62 267.52
46.36 707.11
904.44 46.38
816.87 275.93
412.15 268.31
843.25 245.42
735.67 264.65
736.54 132.89
33.60 536.59
844.23 255.17
214.66 670.89
304.56 205.96
309.00 644.34
328.43 145.41
651.59 286.17
410.65 145.22
300.25 237.33
722.12 29.68
384.90 309.31
758.19 214.84
904.16 286.55
302.54 177.36
675.74 307.59
382.30 754.00
735.26 213.81
509.48 195.04
816.51 306.77
817.27 203.41
594.75 235.94
302.93 186.76
843.40 274.94
760.84 297.99
411.00 257.18
928.28 317.09
903.80 317.13
123.29 609.99
197.02 347.70
381.44 175.46
1020.65 551.78
325.63 186.30
547.77 139.79
129.24 313.20
117.08 315.55
326.13 196.44
757.99 286.14
760.02 306.74
760.12 203.38
892.65 71.44
372.21 749.38
32.78 546.29
188.88 608.76
211.11 349.27
678.51 143.68
251.67 733.76
175.54 142.02
299.35 216.73
174.16 588.99
189.61 653.93
736.11 254.43
651.66 306.47
412.32 235.92
135.19 606.16
925.83 286.95
760.41 276.06
180.15 347.43
327.19 227.40
228.26 543.18
108.74 521.27
39.33 697.06
1019.48 482.17
756.73 183.80
1019.77 522.01
1020.62 531.75
103.35 391.20
568.02 246.13
302.76 156.84
572.54 235.72
328.14 167.15
109.08 184.81
33.77 608.61
1020.08 450.47
121.64 521.32
299.26 299.08
94.45 588.12
118.44 347.60
109.09 606.82
55.55 139.36
876.21 47.08
926.24 295.21
298.82 287.91
1021.74 723.99
232.78 388.43
408.73 196.12
327.10 135.69
843.80 305.80
843.98 235.44
109.86 651.37
302.32 195.48
844.01 225.86
759.27 193.67
843.77 265.19
731.80 274.87
732.68 183.70
301.33 146.03
51.17 348.17
300.51 278.09
568.21 214.10
148.80 249.59
77.24 346.67
113.95 411.71
161.24 606.80
513.24 308.34
64.31 346.88
737.30 80.76
303.29 270.34
217.17 606.84
160.97 202.94
327.76 269.42
121.58 247.13
384.90 227.18
76.11 412.63
151.56 654.81
736.80 204.35
900.10 264.82
409.36 155.08
303.15 134.07
328.18 247.61
385.74 236.09
38.63 345.26
222.67 477.58
676.40 225.68
130.28 476.72
516.53 206.23
130.03 347.34
382.51 247.03
236.44 475.88
901.44 111.30
151.51 673.93
408.95 226.63
815.72 225.16
382.09 292.14
593.49 275.81
241.10 203.07
23.95 256.98
211.87 202.01
163.77 652.74
187.71 203.86
241.43 654.62
760.09 245.13
217.27 778.72
23.49 186.10
76.28 475.17
170.21 410.63
384.09 217.07
49.91 476.95
409.76 175.67
593.94 265.76
901.79 306.64
597.84 307.53
355.16 178.04
63.14 455.75
148.79 139.47
303.40 308.90
109.66 267.92
35.54 556.43
95.73 651.24
594.12 225.25
734.43 244.82
226.33 139.36
142.41 477.76
462.93 206.71
734.04 297.39
161.87 587.20
122.56 204.59
902.34 275.53
228.47 670.90
177.39 652.61
151.18 520.63
301.78 226.58
239.67 136.62
358.58 750.29
819.38 245.33
327.09 300.09
593.34 287.59
122.08 541.36
902.37 234.67
595.91 298.07
82.37 203.79
383.70 281.30
817.29 296.19
327.07 177.55
153.82 347.98
327.23 217.17
737.10 235.06
760.38 255.50
241.78 268.24
313.88 675.26
927.36 276.33
762.98 224.99
512.11 138.57
734.40 193.45
161.35 250.74
303.24 167.50
818.67 317.39
325.29 238.06
535.83 140.35
655.84 296.56
926.73 244.40
510.28 184.95
24.23 347.08
483.64 113.58
215.96 651.21
34.88 567.82
567.06 265.08
202.24 138.66
168.91 348.67
902.54 296.17
818.28 234.86
212.31 411.34
843.08 123.18
95.29 671.62
651.53 193.02
820.20 265.55
652.31 255.35
926.28 255.26
203.08 652.71
188.15 673.54
312.94 654.99
736.04 285.86
90.53 475.13
902.47 245.82
109.39 540.11
228.24 651.63
737.50 225.00
570.31 194.82
562.69 138.77
764.49 265.73
411.06 205.47
103.45 347.40
412.83 281.29
81.77 269.88
440.43 276.54
353.02 187.73
74.62 100.24
594.15 255.55
335.37 156.10
300.99 247.73
817.07 285.10
464.99 267.58
822.14 255.70
595.15 184.97
567.00 275.42
318.39 687.17
844.43 315.96
441.91 133.27
310.35 634.90
677.84 276.48
386.61 257.53
680.40 296.71
238.97 716.93
327.85 289.52
411.46 293.20
189.71 140.37
325.98 738.67
465.44 279.90
225.10 564.38
905.15 101.37
48.99 437.84
328.83 278.75
569.01 286.44
195.82 732.47
262.89 466.45
108.85 206.24
122.32 269.69
386.48 207.16
841.07 173.58
818.25 163.42
510.73 238.14
383.34 195.90
816.76 193.48
1017.01 408.79
679.59 244.92
544.83 108.69
902.65 224.94
761.79 163.18
112.82 777.34
817.50 184.33
651.34 275.70
229.89 269.50
1019.80 469.40
358.52 119.19
627.04 128.66
409.23 216.59
229.39 523.69
119.51 716.46
232.32 349.40
926.13 234.83
734.08 307.32
428.10 129.30
34.90 578.39
928.12 306.24
927.84 224.65
567.79 255.50
736.56 142.49
329.53 310.19
511.24 258.89
467.37 237.23
36.55 588.73
594.98 215.23
22.07 205.55
359.64 299.54
411.12 134.36
571.50 94.44
322.95 727.06
645.65 73.87
629.53 238.15
326.46 319.87
299.25 319.50
842.29 286.08
33.27 649.67
567.81 203.96
571.26 224.29
24.86 217.16
845.32 296.12
569.81 297.25
902.50 193.93
467.01 185.65
761.54 234.53
654.01 244.36
95.44 269.56
378.32 185.64
652.97 174.44
654.76 144.16
1018.05 418.40
570.60 184.75
464.21 227.46
734.67 163.01
675.64 103.01
24.12 246.49
902.43 214.29
926.90 265.59
410.69 186.97
675.47 235.37
342.41 106.40
383.97 165.11
413.15 308.80
1019.21 429.53
103.08 433.70
468.06 290.86
150.21 429.46
415.11 111.15
283.67 376.09
679.29 265.91
287.04 113.85
512.36 290.12
1020.99 460.54
413.15 247.25
466.90 247.87
464.94 196.75
678.98 132.77
734.70 174.13
758.36 317.26
795.74 329.06
453.56 114.48
677.31 152.92
570.94 308.08
515.04 248.66
465.17 305.50
46.91 141.33
38.68 140.72
84.42 141.03
94.63 140.11
135.63 138.74
163.53 141.64
212.92 137.52
81.52 183.25
94.93 184.32
122.52 186.00
136.55 185.24
148.90 181.12
162.77 182.95
174.35 185.08
187.31 183.25
200.12 184.02
212.92 182.19
229.08 182.95
243.10 182.34
227.86 202.31
174.05 202.61
148.44 202.16
138.07 205.05
94.32 202.31
22.68 234.63
83.96 252.16
96.15 248.80
109.72 247.58
149.05 269.99
160.33 268.93
175.27 269.69
187.77 268.62
200.27 266.49
213.53 270.14
174.51 251.39
186.09 246.67
202.56 247.28
214.90 248.50
228.47 247.74
241.43 248.19
35.94 314.35
21.61 311.46
50.73 313.89
62.46 313.13
76.79 311.91
91.73 314.81
104.69 313.89
143.41 315.57
157.74 316.33
173.13 315.57
185.79 314.81
197.68 314.81
212.16 314.50
224.66 314.81
235.79 314.05
23.44 390.72
37.31 390.42
51.03 392.10
64.45 392.71
76.64 391.49
91.58 390.42
114.45 391.64
23.74 409.63
38.68 412.68
49.96 412.07
64.45 412.98
88.84 409.78
145.09 393.62
157.28 392.40
171.00 391.03
202.10 393.16
213.68 393.01
234.11 413.59
200.12 412.07
158.96 412.37
144.93 412.98
25.73 456.42
24.51 473.35
36.70 477.46
49.81 457.34
63.68 476.85
75.57 454.44
88.53 455.21
104.23 456.27
117.19 457.49
102.10 476.09
117.65 478.83
142.95 457.03
154.84 458.56
154.99 477.00
168.26 456.58
170.09 477.00
182.74 456.12
184.57 478.22
196.46 456.58
196.46 475.79
209.72 476.09
209.87 454.75
223.44 457.03
235.63 457.03
34.41 669.23
203.62 671.21
242.34 671.36
121.92 652.31
110.63 587.98
123.74 590.88
136.40 588.44
149.20 588.13
148.13 606.27
187.92 586.76
202.10 587.98
216.27 588.13
202.56 607.19
174.66 607.34
94.78 518.93
96.15 538.13
165.06 522.43
176.03 520.91
191.27 523.50
204.08 525.18
214.75 523.80
216.58 544.53
202.71 542.25
190.05 541.18
175.88 540.42
164.29 541.18
150.88 542.25
325.57 206.68
389.40 145.24
410.14 165.99
577.16 139.12
591.26 139.92
551.90 226.63
679.56 255.35