384.18 206.75
373.02 206.06
208.88 189.78
432.86 140.85
350.49 125.66
455.13 141.89
611.84 121.72
418.63 61.22
407.57 247.69
408.81 143.17
476.74 124.37
386.67 14.96
420.57 204.49
468.55 184.42
396.50 247.89
467.36 204.41
420.08 247.99
456.61 265.30
456.60 123.44
538.12 122.38
360.32 124.54
277.60 268.61
396.63 80.55
555.40 310.36
395.87 59.98
405.37 287.90
480.95 268.00
349.89 185.49
373.10 265.85
431.89 204.14
531.86 272.40
384.87 60.74
430.94 309.46
520.16 125.08
337.77 61.58
480.57 62.41
372.50 81.76
542.98 204.29
324.71 203.65
385.21 267.66
337.13 82.38
431.94 186.62
467.44 124.31
396.86 266.43
443.20 141.72
443.36 186.42
443.44 327.33
521.46 61.71
432.16 247.66
455.60 310.59
337.64 125.32
582.18 82.16
409.31 266.60
336.86 202.81
420.29 328.81
455.97 12.53
469.08 329.87
242.62 272.51
350.85 327.20
419.79 80.25
278.17 206.49
444.64 62.94
350.33 210.87
519.50 206.24
445.19 204.57
466.49 79.57
288.28 121.09
407.28 122.74
124.23 391.73
478.09 145.08
348.79 251.30
314.30 123.83
597.74 143.46
375.06 122.87
431.79 15.26
465.87 143.31
419.31 15.68
240.27 327.76
501.10 13.82
396.53 309.98
568.69 81.77
444.81 82.23
407.16 15.70
525.59 14.08
478.51 205.34
419.52 141.36
556.37 80.30
623.35 47.63
290.80 83.37
430.81 61.41
243.79 204.97
533.66 80.71
444.49 12.36
407.35 79.08
537.18 12.95
349.68 143.60
396.38 123.98
276.99 185.78
418.57 122.92
266.29 12.20
488.91 14.24
465.67 61.11
568.57 312.08
572.79 182.40
478.20 80.14
619.53 300.29
231.77 372.45
433.70 268.73
280.93 16.23
454.53 330.26
406.62 61.61
431.02 121.98
420.64 186.78
313.26 61.98
572.90 13.90
570.59 204.53
305.05 12.88
534.50 142.00
370.59 245.66
396.09 14.70
361.67 309.56
536.98 60.23
184.95 248.90
499.86 106.75
584.99 13.19
360.02 60.92
596.33 14.50
549.66 13.60
337.56 326.31
373.70 187.49
324.62 123.28
209.11 82.56
530.47 247.82
207.58 143.47
418.88 309.70
571.91 97.32
561.39 14.10
210.51 14.24
326.12 308.17
568.67 329.28
430.98 80.26
514.05 13.45
520.78 80.42
383.76 80.95
359.29 81.00
579.48 310.94
554.48 328.58
584.16 142.55
396.61 187.60
595.45 80.12
184.64 390.63
578.41 55.85
232.38 139.85
323.77 85.05
568.80 142.97
466.35 13.65
335.80 183.87
335.21 251.06
477.90 13.74
194.53 190.37
361.88 13.17
173.94 187.09
148.73 141.39
349.00 62.02
279.96 246.86
292.51 253.57
517.83 248.38
516.97 312.66
517.40 330.63
128.66 450.54