90.85 16.94
177.08 16.67
189.24 17.47
174.94 61.72
188.84 79.64
213.04 81.51
226.94 63.19
240.58 64.39
323.33 83.38
176.01 127.90
198.33 126.43
187.64 143.81
200.34 146.48
224.00 142.34
167.18 160.65
141.11 191.53
175.07 192.47
175.47 210.65
187.10 209.72
199.00 191.40
199.94 211.59
212.10 191.53
223.60 190.20
235.63 189.40
224.14 207.84
235.23 208.65
249.67 191.80
272.40 189.26
272.66 210.25
297.00 190.46
311.84 211.59
323.73 189.66
346.86 188.59
371.46 209.58
394.86 213.46
359.56 257.84
347.13 279.37
324.40 277.10
309.03 279.10
284.83 260.25
284.70 277.90
211.43 255.30
205.02 300.76
174.40 343.27
197.93 346.75
213.04 343.67
214.38 324.29
248.20 325.22
272.26 326.29
297.00 325.36
309.70 324.15
296.19 342.87
308.89 344.47
321.59 321.88
333.63 344.07
345.53 343.54
392.45 327.10
430.29 349.69
492.18 346.88
480.82 390.73
418.25 391.67
394.46 392.47
381.76 388.73
382.16 412.52
370.39 390.33
358.49 409.72
347.13 409.98
344.06 391.40
308.63 392.87
295.26 389.93
284.16 411.99
272.40 390.87
260.23 391.67
247.93 391.80
234.70 393.81
221.46 392.47
198.73 392.07
183.89 392.47
184.43 412.39
197.93 411.45
236.43 412.79
248.47 409.72
260.23 408.38
272.26 407.84
170.79 456.11
182.82 457.71
195.26 455.30
209.70 455.30
222.66 457.31
234.96 456.91
246.19 457.58
257.96 457.84
283.09 458.78
306.89 454.23
330.29 459.05
355.02 458.65
381.76 457.98
406.09 456.37
479.49 459.51
492.48 457.53