475.35 23.93
548.62 24.01
597.56 26.54
632.16 25.49
658.11 28.44
739.33 29.50
642.29 72.96
665.28 99.54
663.38 109.67
584.69 93.00
537.22 77.39
337.44 64.73
270.98 129.71
385.11 133.51
447.98 134.56
495.87 136.25
494.61 164.31
446.30 165.36
508.95 140.05
519.71 138.57
518.45 164.73
532.37 165.57
533.43 136.46
546.51 136.88
556.42 164.73
580.90 167.47
661.70 190.47
575.62 211.99
587.86 231.82
576.25 231.61
561.06 233.72
547.98 232.03
535.54 231.82
563.38 210.93
527.94 211.35
525.20 231.61
513.81 208.82
489.12 229.71
451.15 205.87
476.25 231.19
439.54 229.50
414.65 206.08
415.28 226.54
401.78 226.54
351.36 226.97
327.52 203.34
326.68 224.65
313.81 224.01
301.36 201.02
263.38 286.25
297.56 290.05
311.27 267.68
322.24 290.89
348.83 292.58
361.91 291.31
361.70 270.85
374.99 271.06
386.80 273.59
384.69 292.16
411.91 272.96
412.33 293.63
399.46 273.17
435.75 271.48
422.46 294.90
433.64 295.95
411.27 321.69
449.46 271.90
447.35 294.90
461.27 274.01
473.30 295.32
486.38 275.70
484.90 295.11
498.19 298.27
499.46 275.91
512.96 275.91
509.59 297.64
522.25 298.27
534.48 299.96
545.87 297.64
534.69 275.28
549.25 276.76
559.59 277.18
560.01 300.38
572.67 277.81
545.24 344.48
554.73 372.54
544.82 372.54
556.42 343.84
566.34 341.31
581.95 343.42
569.71 371.06
535.11 341.52
519.08 369.79
519.29 340.47
494.61 366.63
485.96 339.62
481.74 367.68
469.92 367.89
457.90 367.68
458.53 341.73
445.45 338.36
444.61 367.89
432.79 364.94
420.98 338.99
420.77 364.94
434.27 339.83
408.53 342.58
407.69 364.94
394.40 387.30
384.06 337.94
371.82 337.30
370.35 364.52
357.06 364.94
346.09 364.52
333.43 364.31
319.29 364.52
307.48 361.35
294.61 361.57
262.33 332.87
261.49 359.03
177.94 332.45
149.67 332.66
221.61 336.67
217.60 377.60
149.67 354.81
138.28 357.56
126.04 357.98
112.54 354.81
114.65 327.18
45.87 306.71
41.23 318.32
48.41 380.34
16.76 426.97
93.34 446.16
125.83 434.77
101.57 401.44
126.46 403.34
185.33 405.03
270.14 409.67
283.00 408.61
297.35 408.82
308.11 407.56
322.67 410.51
333.22 409.88
345.66 409.67
357.48 410.93
370.56 411.14
384.06 410.93
395.87 412.41
408.32 411.57
422.67 413.68
433.64 414.10
446.30 414.73
458.53 416.00
472.25 416.42
484.27 415.78
495.66 417.05
508.95 415.57
520.98 415.15
533.22 416.00
544.82 417.26
558.95 417.68
700.09 464.10
893.34 444.90
904.52 444.69
923.51 443.42
935.11 446.59
956.42 445.11
968.66 446.80
983.43 445.32
998.41 449.33
1015.28 445.53
1027.52 448.48
1041.44 446.38
1055.16 447.64
1091.87 450.17
1079.84 450.81
1105.79 450.17
1116.97 451.23
1130.47 452.07
1142.50 452.70
1153.68 452.49
1169.50 453.34
1181.11 453.55
1228.15 508.82
1207.27 517.89
1203.68 539.83
1203.05 559.67
1153.47 506.08
1127.73 505.66
1150.52 516.63
1124.57 536.67
1151.15 557.98
1123.51 567.26
1121.40 576.97
1147.98 578.44
1132.79 625.28
1101.99 628.02
1079.63 629.92
1057.90 630.76
1046.72 502.28
1069.71 512.83
1072.67 524.43
1069.71 534.35
1068.45 544.69
1069.50 555.45
1069.29 577.18
1043.34 574.86
1046.72 555.02
1043.55 544.69
1045.66 534.56
1045.87 524.01
1046.30 513.67
993.13 501.44
970.98 499.96
969.50 511.35
991.65 511.57
966.97 521.69
989.76 521.90
989.76 532.66
992.08 552.92
989.76 563.04
994.40 572.75
964.86 551.86
964.02 562.62
966.97 572.32
986.38 586.25
959.59 635.40
938.91 636.67
918.45 637.09
896.51 633.93
874.57 638.36
915.71 503.97
915.49 514.94
913.38 523.17
914.65 533.08
914.65 542.79
914.65 551.23
910.64 561.35
905.37 571.48
906.84 582.66
889.33 503.55
890.18 513.89
888.70 521.69
887.86 550.17
888.07 560.30
883.00 570.85
848.62 578.02
833.43 499.12
836.38 509.88
834.06 519.58
831.53 529.71
829.42 539.41
830.26 548.06
809.38 500.17
809.38 509.88
810.01 519.37
807.69 528.65
806.42 538.15
807.90 547.85
806.42 568.53
827.73 568.95
803.05 577.60
803.68 588.78
852.62 638.36
830.05 638.78
819.50 641.52
807.69 639.62
795.66 640.05
787.44 618.95
771.61 641.10
761.27 643.63
749.04 645.11
723.93 644.48
710.64 644.27
760.22 453.34
753.47 498.06
751.15 508.61
752.84 518.53
751.99 527.60
752.62 536.67
752.62 547.01
752.62 557.35
751.78 566.42
751.15 574.86
751.15 587.30
733.43 497.01
729.63 508.40
730.47 518.74
728.36 527.18
717.39 535.62
723.09 546.80
725.20 557.13
724.57 565.78
723.72 577.39
725.62 586.88
678.57 494.05
675.20 563.67
676.46 543.84
640.39 504.39
639.97 516.21
639.12 526.33
639.55 542.16
639.76 554.81
637.43 564.52
671.82 574.01
672.46 584.56
636.59 583.72
634.90 594.05
676.04 644.05
664.86 646.59
634.69 646.59
600.73 649.12
557.69 649.54
534.90 652.91
521.82 652.70
582.79 502.07
589.33 511.57
586.59 521.69
584.27 531.82
583.85 541.10
586.17 560.93
581.74 572.75
585.33 584.14
584.48 592.37
564.86 491.52
561.70 501.86
563.38 510.72
563.60 521.27
560.22 540.47
560.64 561.14
555.16 570.85
559.38 581.82
556.84 592.79
509.38 500.38
506.84 509.24
507.90 518.53
509.80 538.57
510.43 547.85
503.26 558.61
504.52 579.92
503.47 590.47
504.95 599.75
484.48 490.68
481.95 499.12
481.74 509.03
483.01 518.11
485.11 526.97
477.31 537.09
479.21 547.43
480.47 568.95
479.00 588.99
480.05 599.54
484.48 656.08
432.16 656.08
425.20 578.02
427.94 517.47
372.46 474.01
423.93 497.22
401.36 515.78
399.88 534.77
397.14 554.60
396.30 586.46
396.51 604.81
348.41 496.59
314.44 532.03
315.92 585.19
312.33 602.07
343.55 610.51
262.33 571.90