50.55 21.66
49.21 30.59
46.38 42.19
52.04 61.09
45.34 70.32
46.83 79.39
47.43 87.73
49.36 96.81
49.81 106.63
45.79 119.72
45.79 128.65
45.79 138.47
32.40 229.54
54.57 220.62
53.53 229.99
57.40 240.85
59.33 249.78
54.12 259.16
57.10 269.42
59.63 279.25
32.25 286.98
31.65 299.19
54.12 299.04
34.03 317.79
90.88 299.19
74.95 335.50
88.05 484.75
116.32 210.79
137.75 211.39
116.77 223.00
116.77 233.41
116.32 242.19
114.24 252.61
117.37 261.84
139.24 223.00
140.43 233.71
139.99 242.34
135.52 252.16
138.35 261.24
140.88 273.15
137.60 282.07
140.43 290.56
120.64 301.87
140.88 311.69
137.01 322.85
138.50 331.78
116.32 326.57
116.92 351.27
116.32 360.20
138.35 361.09
117.22 371.95
137.46 341.00
138.35 409.90
141.32 420.76
135.37 452.16
136.86 470.02
140.13 717.19
195.04 725.97
196.38 637.88
249.81 581.33
375.10 717.64
198.17 509.16
218.70 492.64
218.56 461.98
216.92 451.42
218.41 441.75
219.15 421.36
198.32 420.17
193.56 379.84
222.87 380.29
193.41 359.31
220.79 370.02
219.45 360.35
218.85 349.93
194.60 349.19
197.13 339.07
218.70 340.70
195.19 329.69
217.22 330.29
217.66 320.17
219.90 310.05
199.36 311.09
196.68 301.27
197.57 292.04
197.43 281.48
218.70 292.34
220.64 282.07
220.49 271.66
198.62 271.95
221.68 261.24
222.72 252.76
218.56 221.21
196.09 190.56
172.87 212.43
196.83 223.74
200.10 232.52
196.09 241.45
195.79 252.91
197.28 262.88
266.92 194.13
302.34 190.11
346.68 178.06
272.57 212.28
276.00 230.44
274.21 245.32
274.36 263.03
274.21 275.23
273.17 290.85
273.47 306.18
276.15 321.81
273.91 335.35
273.32 349.78
278.23 376.72
326.44 217.94
323.62 229.25
324.81 245.32
326.30 258.86
326.44 275.08
324.21 288.32
324.96 308.12
326.44 320.76
327.34 335.20
326.59 350.38
320.34 370.17
319.75 378.50
321.53 386.09
277.78 407.67
275.55 419.42
279.42 430.29
277.04 441.15
275.70 450.68
275.55 459.90
277.63 471.06
274.51 492.64
275.25 519.28
321.53 407.37
322.28 419.28
320.79 430.44
320.49 440.70
321.24 450.38
321.38 460.05
321.83 504.84
378.97 538.92
429.72 528.35
405.31 450.97
400.25 411.69
378.97 408.71
381.80 378.06
379.12 367.94
404.57 368.53
380.31 359.45
379.87 350.67
406.65 350.97
383.73 339.22
381.21 329.69
403.23 330.14
383.14 320.32
404.57 320.32
404.42 302.46
380.46 302.16
381.06 291.45
404.12 291.75
402.63 281.33
404.42 272.40
402.34 262.88
402.93 253.65
403.38 242.49
401.00 232.82
400.85 227.31
400.40 218.53
404.42 210.64
374.96 212.73
381.80 224.04
381.35 232.97
380.61 241.75
381.65 252.31
381.50 261.98
381.35 272.40
380.91 281.33
513.20 166.45
542.37 178.95
457.62 222.32
481.22 222.32
458.88 233.14
481.78 232.30
482.76 241.43
481.92 249.71
459.02 253.50
459.87 262.07
484.59 271.48
457.76 281.17
457.48 291.43
483.32 291.14
458.32 299.99
482.06 301.12
459.87 312.21
456.08 330.61
486.13 329.63
486.41 340.30
479.81 349.29
456.08 360.25
483.32 368.81
461.41 412.07
485.15 429.77
575.04 493.67
574.75 461.23
576.44 453.36
576.44 446.76
576.16 438.76
576.86 431.45
574.89 424.29
575.32 416.43
575.18 409.26
542.45 408.42
608.46 376.26
574.05 382.44
545.40 383.56
544.14 363.62
547.51 345.64
548.21 335.39
573.21 373.03
576.30 363.62
578.27 355.75
580.51 346.62
577.84 335.39
579.39 320.08
608.32 327.52
542.45 304.35
580.09 304.07
580.23 288.90
542.17 275.27
541.05 259.40
542.03 246.34
542.87 229.63
542.31 212.77
579.53 220.36
579.81 230.33
576.16 245.64
579.11 257.44
634.30 212.07
635.15 221.48
633.32 231.45
635.01 241.99
634.45 252.66
637.11 261.51
634.73 280.75
637.26 291.14
633.32 299.99
635.29 309.40
658.04 211.93
657.34 222.75
656.92 233.14
657.48 243.25
655.79 251.12
656.64 260.25
658.32 281.17
658.32 291.43
656.36 300.41
656.22 308.28
656.78 319.52
655.65 330.75
633.60 330.89
629.81 341.57
635.85 350.27
656.36 340.16
638.24 360.25
661.13 360.11
632.62 370.36
655.09 370.92
658.74 415.86
656.50 426.96
633.18 421.48
633.18 431.17
636.13 436.93
638.80 454.91
638.80 464.74
655.09 474.57
634.87 697.61
778.41 732.86
759.16 585.39
739.22 592.69
715.06 525.13
736.69 485.10
711.83 465.72
711.83 447.04
713.66 433.56
714.08 422.61
738.52 423.45
794.14 409.12
713.52 381.31
736.83 381.03
712.40 366.85
712.40 349.71
712.54 329.77
718.86 320.08
713.24 310.11
739.64 309.40
712.54 301.96
717.17 290.44
708.04 281.17
715.48 271.90
714.64 262.07
714.08 252.80
713.80 242.55
715.20 232.58
714.92 224.29
715.06 211.23
739.92 176.26
738.38 212.07
739.78 224.01
737.68 232.86
736.83 243.11
735.29 252.80
738.24 261.65
737.68 270.36
736.27 278.50
737.54 290.58
738.94 299.99
796.52 234.40
795.68 244.09
794.14 251.96
792.87 262.63
817.59 221.90
818.01 233.98
817.59 242.13
818.43 252.38
820.12 271.90
817.03 282.86
818.43 291.99
794.56 350.41
794.98 370.22
793.72 337.21
876.16 341.43
873.63 313.48
875.74 294.52
875.04 285.81
873.91 265.02
874.61 254.07