63.85 179.95
88.70 173.70
117.57 154.05
129.92 149.89
142.72 138.28
153.88 132.03
163.55 124.29
173.97 119.68
179.77 110.45
191.08 107.77
213.70 83.52
229.03 70.57
235.28 62.09
245.25 54.65
255.22 47.80
264.29 40.36
274.26 35.16
303.58 75.93
292.12 83.22
282.75 92.45
258.04 127.12
271.29 126.82
283.49 126.52
294.65 128.46
306.26 123.70
316.53 124.89
328.43 125.33
340.48 126.52
353.28 129.65
199.11 168.94
212.36 171.91
222.63 167.45
235.72 169.83
248.22 171.02
258.04 169.38
269.95 168.79
307.45 168.34
321.14 169.38
335.57 171.17
347.48 172.21
370.54 172.95
390.63 169.98
402.98 171.47
417.42 170.13
429.47 170.57
427.83 200.78
391.08 198.40
340.33 195.72
329.62 194.68
318.16 196.17
305.66 194.98
295.10 196.17
282.45 194.53
298.67 216.55
269.35 194.53
258.34 194.08
246.44 194.53
223.37 193.64
187.36 193.79
174.71 196.02
163.55 194.83
397.48 211.49
412.21 221.61
119.65 238.13
161.02 236.35
162.06 256.58
178.73 257.92
201.79 260.01
216.08 237.83
228.43 238.58
228.88 260.01
241.23 239.92
252.24 238.88
263.40 242.45
275.90 238.58
287.36 239.47
297.78 236.49
323.37 240.51
381.85 237.39
394.20 236.64
406.26 236.49
431.26 237.39
275.30 258.82
287.21 258.07
298.22 257.03
309.83 258.82
323.07 259.86
334.68 259.41
346.73 258.52
358.34 256.73
381.26 258.82
394.35 256.88
405.96 256.58
431.55 257.48
431.85 298.25
419.65 298.99
393.01 300.78
381.70 299.89
370.99 301.23
358.34 298.25
347.03 301.38
335.42 301.52
324.11 299.14
310.28 299.59
288.55 306.29
275.75 303.91
251.94 303.46
227.09 305.24
215.04 302.57
201.35 302.12
180.96 301.08
133.19 300.18
109.98 300.93
49.41 301.52
144.80 321.61
162.95 319.98
201.50 321.02
239.74 319.23
288.40 322.66
299.71 320.72
323.97 321.47
334.98 320.72
346.58 319.98
359.68 321.02
370.54 320.27
382.00 321.76
394.50 320.57
419.05 319.83
431.41 319.38
433.04 364.92
419.65 364.62
406.70 365.96
393.61 364.77
382.45 365.51
310.72 346.17
370.10 365.07
359.23 366.41
346.44 366.26
333.79 366.70
310.87 364.32
432.30 385.01
418.91 384.86
405.66 386.20
393.61 385.16
380.22 383.07
370.25 385.01
358.49 384.11
346.44 385.60
331.70 405.84
322.92 387.54
311.47 386.20
299.11 383.22
274.86 384.86
263.55 384.11
260.87 361.64
251.05 385.30
227.39 384.26
226.79 363.73
202.98 362.69
202.39 383.82
161.32 386.94
143.31 364.62
119.05 362.09
73.22 362.98
73.97 382.92
141.97 429.35
131.55 448.55
203.58 428.16
202.39 448.70
217.12 449.59
160.72 447.51
228.73 430.54
227.54 448.70
239.00 448.40
250.16 448.70
252.39 429.95
275.75 429.80
274.56 447.95
287.21 429.80
286.91 447.95
299.56 429.50
297.63 449.29
310.57 450.33
311.76 428.76
322.48 451.67
333.64 450.19
333.19 429.20
345.10 429.65
345.10 446.91
358.19 428.61
358.34 446.61
369.65 447.95
381.55 426.38
382.00 447.66
393.16 427.86
393.76 446.32
405.66 428.16
406.41 449.74
430.07 448.99
451.94 475.93
434.83 500.78
426.05 526.67
406.41 499.29
394.80 503.01
377.69 503.16
347.18 526.82
327.83 502.86
364.14 503.16
303.73 500.04
301.50 526.23
292.57 497.80
280.66 501.38
269.80 499.44
279.32 525.93
268.16 525.19
248.07 525.63
236.91 497.21
225.45 497.80
179.03 498.85
166.97 500.04
177.83 528.16
111.32 501.82
76.35 501.67
88.10 496.32
204.47 583.52
275.45 561.79
287.21 565.96
287.06 582.92
300.01 564.62
322.78 563.13
334.53 563.43
346.44 565.36
345.69 584.71
357.60 564.32
370.69 565.66
370.39 584.11
381.11 562.98
382.30 582.18
393.76 565.07
394.50 586.35
406.85 565.51
405.81 585.01
417.42 584.56
430.51 583.82
443.31 584.26
417.72 565.21
429.92 564.77
443.01 567.30