214.45 246.30
214.96 268.48
216.16 299.03
214.79 308.07
216.67 318.82
242.95 288.62
242.95 268.48
243.46 277.53
243.80 236.57
240.56 196.13
214.79 163.87
354.21 75.48
389.02 102.61
395.51 89.13
399.95 161.65
329.98 124.11
329.98 134.35
334.59 144.42
331.86 154.83
331.69 165.41
332.71 175.48
332.20 186.23
304.04 196.47
332.54 195.44
306.94 186.23
306.94 207.22
334.59 205.34
332.37 216.43
333.56 237.25
307.80 247.49
332.54 246.64
309.50 257.90
336.30 257.56
334.59 266.95
335.61 277.70
307.97 268.48
334.42 288.45
307.45 288.45
307.63 298.86
306.09 308.07
334.25 308.92
333.91 317.97
305.92 317.12
337.49 331.28
472.64 40.67
474.86 94.76
399.09 216.94
394.15 226.16
427.76 225.65
474.86 158.75
456.26 239.47
397.22 236.74
428.62 245.96
398.75 256.71
398.41 267.80
429.30 268.48
398.07 277.87
429.30 277.35
430.66 288.28
398.24 287.25
487.15 308.24
396.53 307.90
395.51 317.80
430.66 320.02
395.17 328.55
525.37 266.95
535.78 121.89
602.17 85.37
593.63 73.26
622.81 39.13
623.15 53.98
631.86 85.89
632.71 73.26
628.10 106.54
614.79 136.91
624.35 152.95
624.18 118.99
701.48 40.84
703.70 54.32
706.09 69.33
721.96 108.07
705.58 119.50
701.82 139.13
703.19 152.27
810.01 91.35
812.75 101.59
813.77 121.38
527.93 227.35
620.25 225.99
618.89 257.56
592.27 277.35
618.38 275.14
591.58 286.74
840.56 730.43
863.26 730.09
1006.43 738.79
964.45 733.50
1020.25 740.49
1033.56 742.71
1048.24 745.61
1061.38 748.69
1076.06 748.52
1089.20 753.12
1102.68 753.46
1117.69 755.85
1131.18 757.56
1142.78 759.27
1156.77 763.53
1170.94 763.53
1184.08 767.29
1199.78 768.99
1241.58 735.55
1241.93 704.49
1245.68 672.92
1244.83 653.29
1244.14 630.60
1246.02 612.00
763.26 323.77
712.92 237.25
715.13 244.76
716.50 267.29
710.02 277.01
780.32 276.50
779.13 266.26
781.00 246.81
781.18 225.82
844.83 239.81
849.26 323.60
813.60 244.93
817.35 256.88
817.01 266.09
818.38 278.21
816.67 287.93
883.56 287.59
882.54 277.70
880.66 266.43
877.76 255.68
876.06 245.79
881.17 235.55
878.96 225.48
880.15 217.12
907.11 216.09
907.28 235.72
912.92 246.30
905.92 266.95
908.65 285.89
914.79 307.73
879.47 142.20
878.27 153.12
906.26 152.27
906.26 133.16
899.60 80.09
908.65 33.33
998.75 92.37
1145.68 32.82
969.40 112.51
998.24 131.79
966.67 131.45
991.24 152.27
1013.60 174.80
1064.96 101.07
1061.89 112.17
1061.55 123.26
1065.82 131.45
1097.73 122.41
1111.89 91.18
1096.19 141.35
1064.45 152.27
1062.23 203.12
1062.40 213.02
1061.89 224.80
1063.09 236.23
1063.60 244.76
1063.43 256.71
1062.06 266.09
1063.26 276.50
1097.56 203.12
1094.66 214.73
1096.19 225.99
1092.78 235.89
1096.70 246.13
1096.53 256.54
1099.09 266.26
1098.41 286.74
1058.14 327.70
1103.70 321.04
1139.71 313.36
1202.51 32.64
1216.33 31.11
1273.33 31.62
1318.04 31.96
1160.87 33.16
1374.18 30.94
1426.74 30.77
1159.67 80.09
1254.04 101.25
1280.49 100.39
1283.05 109.78
1186.81 80.26
1159.33 100.73
1160.87 122.41
1162.57 131.28
1162.75 142.88
1191.24 120.87
1189.54 132.65
1191.07 142.88
1163.26 152.61
1189.54 152.10
1161.21 215.75
1187.83 214.73
1160.53 225.31
1161.72 235.20
1158.14 245.96
1160.36 256.02
1187.83 225.31
1187.32 234.69
1189.71 245.79
1192.27 256.36
1161.21 271.72
1190.39 269.33
1160.70 285.55
1190.05 285.72
1175.88 306.19
1249.78 109.78
1247.56 121.89
1281.17 121.89
1285.95 131.45
1249.61 142.20
1277.08 142.37
1251.48 152.61
1275.89 152.44
1303.87 181.79
1280.15 203.81
1253.02 203.81
1254.55 213.87
1253.87 224.62
1280.49 222.92
1282.03 234.69
1250.46 235.20
1251.99 245.10
1281.52 245.10
1281.86 255.00
1251.65 265.58
1277.76 263.70
1252.85 274.62
1278.27 275.31
1258.82 340.49
1279.81 341.01
1315.48 340.84
1328.96 342.71
1356.60 338.79
1377.76 339.98
1389.88 339.98
1389.88 365.58
1377.42 365.92
1360.70 368.31
1346.70 365.41
1329.81 364.90
1313.43 364.39
1294.32 367.29
1372.98 80.26
1370.25 90.32
1344.83 90.49
1373.50 99.37
1376.06 111.14
1341.93 110.97
1341.07 120.53
1374.35 120.53
1343.97 131.96
1372.13 133.50
1343.80 141.86
1369.74 141.35
1374.35 150.22
1343.80 151.76
1494.83 22.58
1464.28 79.91
1434.42 91.01
1461.89 99.71
1434.25 110.63
1433.22 120.02
1433.73 132.47
1460.53 130.09
1497.22 124.62
1460.19 151.25
1528.62 140.15
1526.23 161.14
1703.02 59.78
1706.43 122.24
1619.06 141.18
1620.43 152.27
1619.91 99.37
1647.05 78.55
1648.24 161.14
1345.25 203.85
1373.33 203.25
1345.25 213.01
1371.53 213.31
1345.40 223.22
1369.87 223.97
1344.50 234.48
1371.23 234.48
1341.65 244.39
1375.58 244.39
1339.39 255.20
1374.08 254.90
1344.35 265.71
1371.83 263.91
1343.00 275.62
1372.73 274.72
1345.10 284.78
1373.93 285.98
1408.01 249.65
1462.52 202.50
1432.64 213.16
1434.89 222.92
1462.82 223.97
1464.47 244.39
1467.32 253.10
1436.09 254.30
1436.39 264.96
1462.82 265.26
1435.49 274.72
1461.32 275.02
1526.93 193.49
1557.11 192.89
1526.78 204.30
1552.31 203.10
1526.93 213.61
1552.91 223.97
1523.18 234.18
1525.73 244.99
1557.71 244.54
1527.08 254.60
1528.28 264.96
1529.48 273.97
1528.13 283.73
1554.56 286.28
1621.83 192.59
1623.18 222.47
1614.32 233.13
1652.16 254.90
1618.52 264.66
1710.26 246.34
1713.57 263.91
1712.67 274.87
1709.36 235.68
1713.42 294.39
1668.22 341.84
1654.11 339.74
1640.15 340.19
1624.83 340.49
1611.02 341.39
1598.25 344.24
1583.24 344.24
1570.02 344.24
1554.71 342.59
1541.50 341.99
1622.13 376.97
1453.66 363.91
1458.46 375.17
1458.91 387.18
1460.41 396.64
1458.91 404.00
1459.51 416.46
1461.32 428.78
1497.50 425.47
1390.30 412.41
1376.78 413.01
1362.07 411.96
1347.05 413.16
1333.24 410.46
1332.94 431.78
1347.20 433.73
1360.57 432.08
1376.78 430.13
1391.20 429.83
1410.57 450.70
1540.90 431.48
1553.96 430.13
1568.22 431.18
1694.20 449.50
1705.61 479.68
1700.81 522.47
1707.26 543.19
1611.02 476.22
1610.56 498.75
1597.80 498.90
1583.39 476.82
1570.02 498.14
1554.26 477.12
1540.00 479.38
1540.00 498.14
1624.68 565.71
1612.37 566.61
1580.99 566.61
1569.27 544.54
1554.41 563.31
1540.00 565.11
1540.60 541.69
1461.32 476.07
1447.50 475.62
1447.20 496.34
1432.94 477.42
1418.97 477.12
1433.69 497.84
1418.67 498.59
1406.36 475.47
1403.96 501.30
1390.60 497.99
1390.74 475.92
1376.63 479.68
1376.33 496.64
1363.42 476.52
1363.27 497.84
1348.10 476.97
1348.85 496.79
1334.74 479.38
1334.44 498.14
1319.87 497.99
1349.91 544.09
1363.12 544.84
1375.43 544.24
1389.24 544.39
1405.31 540.64
1418.52 544.84
1433.84 543.94
1447.80 543.34
1377.98 564.51
1390.60 567.51
1419.12 564.51
1433.09 563.46
1446.60 565.26
1460.87 565.11
1318.52 634.18
1334.14 635.98
1363.87 635.08
1376.78 638.83
1390.14 635.53
1363.42 610.16
1376.93 610.16
1404.86 609.41
1419.27 637.03
1432.64 611.06
1446.75 635.23
1463.12 634.18
1461.32 610.16
1336.54 681.33
1336.39 701.60
1349.15 682.38
1349.60 702.65
1363.12 683.88
1363.12 702.80
1377.68 682.98
1378.28 703.40
1391.35 682.98
1392.40 703.40
1405.91 704.30
1420.77 683.58
1420.33 702.05
1434.14 683.28
1435.79 703.85
1448.70 702.20
1455.91 661.36
1462.22 681.93
1463.87 700.85
1512.52 711.81
1510.87 681.63
1541.50 636.88
1556.06 608.20
1582.34 610.91
1582.04 634.33
1612.22 636.73
1640.15 611.06
1540.29 682.68
1555.91 683.28
1612.37 681.93
1625.13 696.19
1707.41 706.55
1708.16 726.97
1711.32 797.84
1595.85 747.54
1540.14 749.04
1571.07 814.96
1499.45 821.12
1491.20 762.26
1463.57 810.16
1422.58 806.85
1409.51 803.40
1396.60 799.95
1380.84 799.95
1369.27 795.44
1354.26 793.34
1327.68 791.24
1321.53 751.30
1335.04 751.60
1349.60 752.05
1363.57 751.90
1377.08 751.15
1391.05 749.20
1406.66 751.15
1420.33 751.75
1432.79 751.60
1447.35 749.20
1461.62 749.50
972.37 204.24
998.16 203.72
972.02 214.94
998.86 214.59
995.88 225.47
968.51 235.82
999.38 235.82
1000.96 244.59
968.51 245.65
968.51 255.82
1002.72 255.30
999.56 266.87
998.86 276.70
972.54 287.05
999.38 287.22