337.56 549.96
298.26 495.92
436.71 913.25
301.22 826.69
81.07 432.30
325.72 548.00
400.17 625.53
347.34 312.96
545.64 207.52
584.85 260.37
343.19 322.51
411.79 693.12
366.97 327.17
353.97 483.98
964.92 332.87
309.80 500.60
647.36 280.56
330.01 434.57
406.22 446.14
177.62 378.51
698.28 318.81
424.62 344.37
864.69 217.47
782.32 321.25
389.13 509.76
199.22 368.44
459.66 455.79
316.83 432.82
343.63 483.10
406.25 710.19
577.43 212.17
433.43 449.18
427.23 515.43
444.90 274.33
290.68 866.50
388.24 619.88
431.02 325.20
342.65 436.97
487.10 430.12
562.06 290.87
312.62 776.25
443.29 284.42
366.44 337.35
956.72 322.02
462.03 298.51
187.30 414.45
729.64 312.45
490.27 90.20
524.26 298.84
41.90 592.17
737.10 271.21
343.77 333.72
446.74 359.45
206.37 382.60
87.87 401.55
543.11 83.67
425.59 335.24
868.63 321.50
556.65 307.40
349.74 302.27
571.77 230.92
559.49 916.45
439.51 516.30
217.54 418.29
288.27 541.73
380.74 274.20
790.18 279.37
399.43 578.57
536.67 234.71
375.80 508.34
395.07 445.31
435.72 652.41
229.44 387.41
414.92 509.70
651.06 165.79
295.94 856.85
533.89 257.97
645.00 305.72
484.30 458.12
437.36 294.50
447.73 234.87
787.07 299.94
722.03 321.71
396.33 692.51
318.83 898.51
639.02 204.87
696.15 306.14
619.13 285.50
805.61 336.07
307.05 795.57
374.95 616.25
393.16 490.65
821.78 264.26
562.56 261.44
737.65 261.21
484.84 918.48
386.13 266.71
641.93 194.55
714.97 248.13
567.13 251.26
475.16 153.73
419.01 490.13
486.07 207.91
301.76 816.44
426.88 629.27
437.24 580.46
384.09 691.02
375.64 306.55
745.07 220.88
818.62 273.96
82.27 421.61
700.19 296.74
416.71 559.99
652.15 259.11
394.93 711.11
886.60 346.07
974.88 340.79
529.04 277.20
429.53 561.54
475.80 238.11
465.94 425.81
310.11 611.83
731.16 280.61
453.53 917.05
661.14 229.07
551.33 175.51
399.99 557.97
297.55 844.96
395.33 819.94
405.21 491.49
449.28 349.37
374.64 316.56
538.88 117.21
113.66 299.10
34.26 621.99
274.50 540.27
663.15 209.10
795.55 169.81
720.21 238.63
730.15 302.33
411.80 910.42
412.79 626.29
369.19 440.33
370.85 584.74
457.21 328.89
507.36 362.48
293.32 294.36
808.63 312.13
795.93 259.92
891.51 242.78
551.75 336.24
330.84 480.43
728.05 199.19
285.27 496.68
649.01 291.36
411.42 579.18
312.72 544.97
314.32 805.54
277.99 472.08
731.19 291.64
773.44 157.14
439.51 424.20
471.80 276.57
176.46 328.58
611.79 312.12
287.15 324.49
607.83 325.98
281.39 731.40
489.50 198.23
542.18 219.70
494.90 166.36
353.83 707.04
660.67 218.61
587.35 292.19
782.91 342.03
363.63 553.25
71.56 471.75
312.23 398.65
355.91 436.84
642.96 315.74
406.46 175.94
292.10 430.67
536.16 247.91
631.86 225.50
613.05 300.10
419.58 448.25
483.80 217.70
283.34 334.45
337.62 502.27
389.10 255.58
424.70 914.28
583.66 180.58
828.56 191.94
286.36 395.74
258.59 390.97
380.44 708.93
419.04 712.69
200.40 417.49
361.01 906.27
479.20 227.98
633.75 214.65
553.91 325.73
366.04 229.22
317.37 635.40
342.00 702.28
451.41 338.99
239.69 463.45
581.59 191.64
361.22 620.24
507.99 547.25
291.69 630.18
305.11 632.31
301.31 545.73
403.27 217.32
407.33 644.68
375.62 555.18
454.79 518.30
358.98 573.06
520.85 318.98
43.34 694.88
284.99 314.20
394.01 908.78
423.76 582.31
839.91 232.05
591.67 162.81
320.88 680.84
351.31 504.34
259.91 541.06
350.56 548.39
414.27 144.77
384.18 577.43
373.32 408.57
453.82 224.08
403.32 412.54
368.65 640.52
265.05 470.41
382.86 641.87
184.47 287.14
199.85 206.36
255.33 328.59
294.14 282.87
391.00 245.09
147.62 455.59
514.95 928.07
375.14 906.04
316.87 478.54
322.47 615.09
378.46 191.60
377.51 170.87
286.99 302.40
265.25 421.38
160.76 458.03
861.97 343.20
381.43 489.85
197.28 237.65
815.79 293.54
492.28 176.86
281.64 239.68
500.13 923.56
346.28 901.56
133.04 518.82
123.64 643.73
457.25 203.28
296.20 607.45
332.84 122.36
344.51 404.49
180.79 297.15
405.31 185.88
225.26 534.25
344.17 638.74
296.16 262.30
344.12 570.61
463.93 183.71
351.54 270.73
423.26 648.79
349.98 618.32
305.84 679.18
677.54 264.06
978.32 361.43
991.24 379.23
193.97 593.22
214.10 261.27
455.18 567.05
324.30 703.13
240.53 622.28
213.08 463.68
248.08 599.03
344.85 681.79
370.38 687.33
266.23 625.97
178.12 660.09
222.29 486.67
211.24 531.83
283.80 677.79
241.91 552.01
251.97 689.94
133.19 670.53
257.77 340.78
282.24 344.61
340.33 340.78
363.52 346.32
420.96 356.32
473.31 350.36
433.09 315.46
436.28 306.10
459.26 307.81
457.77 319.08
466.28 288.02
448.84 264.61
450.75 255.04
473.31 259.29
472.88 248.87
450.33 244.61
567.77 89.93
582.88 91.00
619.90 98.66
563.09 146.10
562.03 155.68
555.86 163.76
550.33 186.32
547.99 195.68
596.28 152.91
579.48 203.12
589.05 169.93
575.86 220.15
563.52 272.70
531.18 269.72
530.75 289.51
514.79 338.23
507.56 353.12
555.86 317.38
625.86 276.95
626.28 255.89
631.18 246.32
635.01 236.32
657.99 238.87
656.28 249.51
670.11 199.72
671.60 190.36
672.03 180.15
648.41 176.10
642.88 185.25
650.33 105.04
664.58 110.57
678.41 116.10
690.97 121.42
701.39 124.19
716.71 130.78
727.14 137.38
739.48 139.72
764.58 153.98
725.01 208.44
748.84 211.42
719.05 216.32
713.73 258.44
711.82 267.81
745.01 243.12
742.24 250.57
705.65 279.08
705.01 287.59
782.24 331.42
805.43 323.55
694.79 370.36
910.75 401.85
943.94 407.38
890.33 334.40
866.92 333.12
872.24 309.72
820.11 285.89
795.43 270.15
791.18 290.78
785.86 311.21
815.43 185.68
807.99 175.25
454.45 425.65
445.96 452.01
535.96 540.49
533.52 550.05
531.07 559.38
526.63 567.16
523.74 578.49
519.52 599.38
516.63 609.83
515.96 618.49
513.30 628.72
507.96 638.05
503.96 660.49
501.52 669.60
496.41 692.05
497.74 702.05
491.52 720.27
486.85 741.38
480.41 770.94
466.41 919.38
307.96 894.72
288.63 875.83
313.96 764.49
15.96 672.27
450.85 585.38
402.63 512.05
456.18 500.49
470.18 501.16
467.74 521.16
444.63 497.38
431.30 495.83
229.74 418.05
307.07 430.05
383.96 443.61